# 2017-01-10 15:29:15.969961
# CT_x16
#  path: ../data_final/CT_x16/
#  thresholds: -456.84, 330.0
# MR_x16
#  path: ../data_final/MR_x16/
#  thresholds: 706.05, 2082.0
# 
sliceNumber   distortionX   distortionY   distortionNorm   dice_CT   dice_MR
  0   -0.112309386109   -1.09366645469   1.09941789703   0.957863501484   0.876456876457
  1   -0.128094580397   -1.09232422209   1.09980926878   0.958432304038   0.884259259259
  2   -0.135190832518   -1.09078079886   1.09912661343   0.956676557864   0.886836027714
  3   -0.153530163658   -1.08024994189   1.09110560813   0.957813428402   0.894495412844
  4   -0.155981499275   -1.04715851924   1.0587120442   0.957244655582   0.902050113895
  5   -0.1735081696   -1.04968611578   1.06392952144   0.957863501484   0.884353741497
  6   -0.164617386225   -1.02655646627   1.03967161272   0.974510966212   0.884875846501
  7   -0.189887116241   -1.0164577201   1.0340422688   0.956676557864   0.884875846501
  8   -0.177118344433   -1.01695922052   1.03226787421   0.974480712166   0.889887640449
  9   -0.19349461729   -1.03426191197   1.05220619152   0.978596908442   0.895322939866
 10   -0.200409266132   -1.00997047071   1.02966219007   0.978041543027   0.891352549889
 11   -0.192838987761   -1.02272428872   1.04074581236   0.977488151659   0.893805309735
 12   -0.198627200344   -1.01723249189   1.0364432967   0.980392156863   0.893805309735
 13   -0.214102345945   -1.01724966353   1.03953676823   0.979154258487   0.901098901099
 14   -0.221707216367   -1.01495403659   1.03888680143   0.960760998811   0.901098901099
 15   -0.219605630039   -1.01237485094   1.03591962602   0.955952380952   0.90350877193
 16   -0.214691911454   -1.00039051164   1.02316850647   0.979179060083   0.908296943231
 17   -0.219413940049   -0.977273501928   1.0016017046   0.958382877527   0.906318082789
 18   -0.222252451276   -0.978944862931   1.00385715954   0.960190136661   0.911062906725
 19   -0.22604852485   -0.979297839786   1.00504835436   0.959001782531   0.915766738661
 20   -0.221609150465   -0.975087463574   0.999953087494   0.957813428402   0.915766738661
 21   -0.196610308215   -0.984431990134   1.00387347634   0.982206405694   0.915766738661
 22   -0.19294656343   -0.978527353109   0.997368616472   0.982768865122   0.918103448276
 23   -0.198208931387   -0.966953633962   0.98705932482   0.960190136661   0.922746781116
 24   -0.186975110223   -0.950957835188   0.969164844672   0.963226571767   0.92735042735
 25   -0.180159171683   -0.946546843108   0.963539440469   0.959050445104   0.936440677966
 26   -0.160016304069   -0.930918453628   0.944571005734   0.981558596074   0.936708860759
 27   -0.154157613843   -0.904783220188   0.917822011852   0.979179060083   0.936974789916
 28   -0.143400926863   -0.910789362867   0.92200926749   0.981602373887   0.938947368421
 29   -0.127074785049   -0.917077768973   0.925839962056   0.985180794309   0.941176470588
 30   -0.127716410441   -0.903328468981   0.912312339261   0.986366330765   0.945378151261
 31   -0.123744837557   -0.90447485737   0.912900625718   0.984578884935   0.945378151261
 32   -0.116506803626   -0.897019247124   0.904553682764   0.984597156398   0.947589098532
 33   -0.101333950732   -0.883747373912   0.889538077019   0.988151658768   0.914405010438
 34   -0.113465382758   -0.879150047882   0.886441876141   0.962085308057   0.914405010438
 35   -0.115446469688   -0.867772460456   0.875418146081   0.962040332147   0.921161825726
 36   -0.100245178754   -0.853304858037   0.859173019021   0.98633392751   0.923395445135
 37   -0.100301910454   -0.83614403114   0.84213853614   0.965558194774   0.92531120332
 38   -0.0925413311537   -0.809726245019   0.814997233028   0.988737403675   0.927536231884
 39   -0.103485726873   -0.802661312465   0.809304935234   0.963313609467   0.927536231884
 40   -0.111625825754   -0.802552536553   0.810278284852   0.965068087626   0.933609958506
 41   -0.105711421072   -0.812152419942   0.819003331961   0.966252220249   0.941666666667
 42   -0.0944360007137   -0.797863012461   0.803432352401   0.965680473373   0.948240165631
 43   -0.105668198776   -0.785237246683   0.792315153087   0.966252220249   0.948240165631
 44   -0.0992907712426   -0.778105054824   0.784414516437   0.963226571767   0.948240165631
 45   -0.090145563226   -0.74585824586   0.751286061022   0.96327014218   0.948240165631
 46   -0.0948090386622   -0.761294414089   0.76717529857   0.965068087626   0.95041322314
 47   -0.0833793242091   -0.759457740041   0.764021053777   0.96449704142   0.952380952381
 48   -0.0822059444614   -0.758447221109   0.762889247868   0.964454976303   0.954356846473
 49   -0.0784234982107   -0.744817053543   0.748934368499   0.992899408284   0.958506224066
 50   -0.0827516035817   -0.741631730253   0.746234179875   0.965068087626   0.96066252588
 51   -0.0776123118638   -0.732217545015   0.7363193629   0.963883955003   0.95867768595
 52   -0.0621225920834   -0.723807059691   0.726468083336   0.994082840237   0.962962962963
 53   -0.0780222285479   -0.72412516856   0.728316365249   0.964454976303   0.965092402464
 54   -0.0771036835971   -0.724170367588   0.72826348207   0.96502667457   0.969325153374
 55   -0.0740469191179   -0.704538507364   0.708418982376   0.968085106383   0.967346938776
 56   -0.0906670423261   -0.722472655582   0.728139581831   0.969121140143   0.967479674797
 57   -0.0819352159363   -0.695496807585   0.700306496451   0.96674584323   0.969574036511
 58   -0.0780945004928   -0.68791342904   0.692332027903   0.966172106825   0.969574036511
 59   -0.0784899019237   -0.694685015514   0.699105096165   0.96682464455   0.969574036511
 60   -0.0710883751121   -0.693329890164   0.696964772187   0.967971530249   0.935222672065
 61   -0.0794053195601   -0.691952886071   0.696494078451   0.967397747481   0.935222672065
 62   -0.0894957700703   -0.687397717538   0.6931991885   0.968583283936   0.935222672065
 63   -0.0860279207462   -0.666505741512   0.672034751049   0.968085106383   0.937119675456
 64   -0.0753452772846   -0.650408820913   0.654758386835   0.968545994065   0.937119675456
 65   -0.0743965813596   -0.637981429906   0.64230456656   0.964412811388   0.940936863544
 66   -0.0722958384418   -0.644080608828   0.648125388273   0.96502667457   0.940936863544
 67   -0.056463552324   -0.655863208596   0.658289207819   0.96510940272   0.940936863544
 68   -0.0637101141829   -0.649268586211   0.652386906437   0.965639810427   0.951020408163
 69   -0.0688065288435   -0.638779574408   0.642474655604   0.966292134831   0.954918032787
 70   -0.0620326945128   -0.628609756965   0.631663107788   0.96449704142   0.956878850103
 71   -0.0695595285188   -0.61674947558   0.620659684236   0.966292134831   0.956878850103
 72   -0.0675762693241   -0.626421630913   0.63005603866   0.950800237107   0.956878850103
 73   -0.0623508501832   -0.621494570069   0.624614384355   0.952606635071   0.956878850103
 74   -0.0674081731193   -0.609859849617   0.613573873285   0.96682464455   0.958847736626
 75   -0.073790596208   -0.607561385136   0.612026052384   0.970308788599   0.960985626283
 76   -0.076915557089   -0.593207968395   0.598173634231   0.968583283936   0.959016393443
 77   -0.0731712090196   -0.582793387131   0.587368843158   0.96915776987   0.963114754098
 78   -0.0748462073511   -0.600965457707   0.605608319057   0.954976303318   0.963114754098
 79   -0.0820874826906   -0.608552884048   0.614064302413   0.957295373665   0.965092402464
 80   -0.0700614048072   -0.603221524546   0.60727654995   0.957396449704   0.965092402464
 81   -0.0832864732495   -0.593364530298   0.599181193331   0.954356846473   0.967346938776
 82   -0.0773544314827   -0.595577908001   0.600580346473   0.957295373665   0.969450101833
 83   -0.0706363818149   -0.595318513005   0.599494479009   0.956161137441   0.969574036511
 84   -0.0597734284919   -0.586343306349   0.58938216435   0.957295373665   0.971544715447
 85   -0.0621089894328   -0.583765763028   0.587060467628   0.953736654804   0.971544715447
 86   -0.0488800316221   -0.608339476371   0.61030007046   0.956727919384   0.973630831643
 87   -0.0500214999328   -0.597963428136   0.600052007616   0.954922894425   0.971544715447
 88   -0.0513465563123   -0.56569412803   0.56801964344   0.955542382928   0.971544715447
 89   -0.0554826971347   -0.575575611517   0.578243559631   0.957345971564   0.973523421589
 90   -0.0511701596287   -0.551433744757   0.553802816979   0.956727919384   0.973523421589
 91   -0.0476212012168   -0.564859893571   0.566863720987   0.957244655582   0.973523421589
 92   -0.0579449873027   -0.552981849616   0.556009485133   0.957295373665   0.969574036511
 93   -0.0629377543459   -0.556626893452   0.560173776106   0.956727919384   0.971544715447
 94   -0.0571318368182   -0.555975646836   0.558903360745   0.956057007126   0.971544715447
 95   -0.0625201832813   -0.550349290422   0.553889081663   0.958333333333   0.973630831643
 96   -0.0661729745035   -0.552497540164   0.556446218823   0.957913455839   0.975708502024
 97   -0.0489149513274   -0.569460709496   0.571557671738   0.958432304038   0.975708502024
 98   -0.0598244180522   -0.574918502324   0.578022703109   0.962085308057   0.935222672065
 99   -0.0594201903142   -0.559101356659   0.562250020929   0.963313609467   0.935222672065
100   -0.064672913492   -0.57317152211   0.576808616005   0.961470065205   0.935222672065
101   -0.0583945452193   -0.579996950803   0.58292914308   0.961950059453   0.937373737374
102   -0.0558318049202   -0.568917178089   0.571650195457   0.96137849079   0.937373737374
103   -0.0508368936308   -0.559813211257   0.562116732763   0.963095238095   0.937373737374
104   -0.0592150159603   -0.576704180883   0.579736259313   0.96327014218   0.937373737374
105   -0.0546707203251   -0.571365528585   0.573975134406   0.966172106825   0.937373737374
106   -0.046068713369   -0.574920381666   0.576763185031   0.964985163205   0.937373737374
107   -0.0515177688851   -0.569939720309   0.572263370571   0.966172106825   0.939271255061
108   -0.0549088028879   -0.571344704456   0.5739771319   0.964370546318   0.939271255061
109   -0.061643706275   -0.566566902256   0.569910520393   0.963841138115   0.939271255061
110   -0.0567836332014   -0.571162406344   0.573978114061   0.963226571767   0.937373737374
111   -0.0456038312473   -0.579081196467   0.580874118485   0.965680473373   0.935222672065
112   -0.0514878393247   -0.575177473484   0.577477379299   0.967397747481   0.935222672065
113   -0.0656294919634   -0.561748923719   0.565569698194   0.966131907308   0.937373737374
114   -0.0596493480849   -0.570900459016   0.574008169656   0.96915776987   0.937373737374
115   -0.0544389177179   -0.557147690455   0.559800986728   0.967971530249   0.939271255061
116   -0.0542568351379   -0.579682490305   0.58221610569   0.968047337278   0.935483870968
117   -0.0527717470657   -0.578071270735   0.580475022148   0.967971530249   0.937373737374
118   -0.0506416323117   -0.571769615582   0.574007899097   0.968657599054   0.939271255061
119   -0.044243758204   -0.584322900368   0.58599553073   0.965599051008   0.939271255061
120   -0.0585724361839   -0.58768490757   0.590596546609   0.96682464455   0.935222672065
121   -0.0400765605519   -0.583578193843   0.584952681022   0.966212211025   0.931174089069
122   -0.0532309898146   -0.590807838424   0.593201011648   0.967320261438   0.931174089069
123   -0.0464455126828   -0.599651327159   0.601447337521   0.96674584323   0.931174089069
124   -0.0389150963811   -0.608852885968   0.610095256069   0.96449704142   0.931174089069
125   -0.0423057900259   -0.623645481647   0.625078768356   0.964539007092   0.929292929293
126   -0.0275834220938   -0.630428611499   0.631031757815   0.96510940272   0.929292929293
127   -0.0211230602232   -0.617851886289   0.618212857407   0.963883955003   0.929292929293
128   -0.0143408038002   -0.613331897885   0.61349953188   0.992890995261   0.929292929293
129   -0.0226477592593   -0.601076598301   0.601503115557   0.963883955003   0.933333333333
130   -0.0334519142933   -0.619513031042   0.620415527047   0.966252220249   0.933333333333
131   -0.0259693199866   -0.607345141899   0.607900096207   0.966252220249   0.933333333333
132   -0.031810651395   -0.615291515017   0.616113273671   0.967933491686   0.933333333333
133   -0.0235924017868   -0.6101410636   0.610597018428   0.966131907308   0.933333333333
134   -0.0241085234629   -0.60298121121   0.603462974818   0.965639810427   0.933333333333
135   -0.0239005142707   -0.610438188247   0.610905898034   0.965639810427   0.933333333333
136   -0.0301869712907   -0.629301759188   0.630025362468   0.965680473373   0.933333333333
137   -0.0297488482853   -0.614900810173   0.615620012935   0.967436352872   0.933333333333
138   -0.0311065697258   -0.624163002778   0.624937655064   0.967971530249   0.935222672065
139   -0.0274751929166   -0.605161415318   0.605784800746   0.96682464455   0.937119675456
140   -0.0215223448402   -0.606853412677   0.607234942839   0.966131907308   0.935483870968
141   -0.0233901717832   -0.594192924623   0.594653118892   0.966212211025   0.939759036145
142   -0.0184965375047   -0.611731170361   0.612010740666   0.966252220249   0.937875751503
143   -0.00560648600858   -0.626446643978   0.626471731554   0.992312241277   0.937875751503
144   -0.00671573989683   -0.649318805728   0.649353534397   0.995260663507   0.934131736527
145   -0.0106773936489   -0.640948388665   0.641037318467   0.96449704142   0.934131736527
146   -0.00373235602276   -0.637444684211   0.637455610934   0.992294013041   0.934131736527
147   0.0079762765192   -0.647801300335   0.647850403799   0.998225901833   0.934131736527
148   -0.00727245765821   -0.655935603229   0.655975917412   0.995860437611   0.936
149   -0.0131732810499   -0.651793098092   0.651926205988   0.962831858407   0.936
150   -0.00629898928269   -0.663468014594   0.663497915336   0.993494973389   0.933867735471
151   -0.00852723381072   -0.660031211356   0.660086292602   0.992294013041   0.935742971888
152   -0.00178601292473   -0.654074133647   0.654076572083   0.994075829384   0.933601609658
153   -0.00643483362426   -0.658603172658   0.658634607441   0.994671403197   0.933601609658
154   -0.00954269638655   -0.681815584596   0.681882361154   0.949052132701   0.933601609658
155   -0.0105151327057   -0.66976381538   0.669846352836   0.96269982238   0.933601609658
156   -0.00837585386005   -0.675549388582   0.675601310938   0.994082840237   0.933601609658
157   -0.0159983873832   -0.670919732942   0.671110450261   0.963926670609   0.933601609658
158   -0.00576712673291   -0.660503843165   0.660529020246   0.991676575505   0.933601609658
159   -0.00162683240743   -0.672238745666   0.672240714148   0.994671403197   0.933601609658
160   -0.00164086974782   -0.679640144627   0.679642125417   0.9946777055   0.933601609658
161   0.00287191868318   -0.670160651655   0.670166805313   0.994671403197   0.935483870968
162   0.0101084100255   -0.676866082441   0.676941558417   0.992907801418   0.935483870968
163   0.00575352570745   -0.687238716201   0.687262799883   0.968620485494   0.935483870968
164   0.0117268141949   -0.689656282079   0.689755975387   0.967397747481   0.935483870968
165   0.0127210985654   -0.685292736431   0.685410797226   0.968583283936   0.937373737374
166   0.0146596350625   -0.688013928137   0.68817008814   0.968583283936   0.937373737374
167   0.00813219377206   -0.698041168451   0.698088536955   0.968545994065   0.937373737374
168   0.0137756922224   -0.694883999887   0.695020534225   0.968583283936   0.939271255061
169   0.0103127851939   -0.700121435837   0.700197385354   0.968583283936   0.937119675456
170   0.00866326091036   -0.696542831114   0.696596703743   0.967397747481   0.937119675456
171   0.00933936727416   -0.686636688795   0.686700201092   0.967589864467   0.914634146341
172   0.0155312927253   -0.679993142328   0.680170489412   0.970123022847   0.912423625255
173   -1.0   -1.0   -1.0   -1.0   0.912423625255
174   -1.0   -1.0   -1.0   -1.0   0.914634146341
175   -1.0   -1.0   -1.0   -1.0   0.912778904665
176   -1.0   -1.0   -1.0   -1.0   0.912778904665
177   -1.0   -1.0   -1.0   -1.0   0.914634146341
178   -1.0   -1.0   -1.0   -1.0   0.939271255061
179   -1.0   -1.0   -1.0   -1.0   0.943319838057
180   -1.0   -1.0   -1.0   -1.0   0.94523326572
181   -1.0   -1.0   -1.0   -1.0   0.910569105691
182   -1.0   -1.0   -1.0   -1.0   0.910569105691
183   -1.0   -1.0   -1.0   -1.0   0.914285714286
184   -1.0   -1.0   -1.0   -1.0   0.912423625255
185   -1.0   -1.0   -1.0   -1.0   0.912423625255
186   -1.0   -1.0   -1.0   -1.0   0.914285714286
187   -1.0   -1.0   -1.0   -1.0   0.914285714286
188   -1.0   -1.0   -1.0   -1.0   0.914285714286
189   -1.0   -1.0   -1.0   -1.0   0.914285714286
190   -1.0   -1.0   -1.0   -1.0   0.914285714286
191   -1.0   -1.0   -1.0   -1.0   0.912065439673
192   -1.0   -1.0   -1.0   -1.0   0.912065439673
193   -1.0   -1.0   -1.0   -1.0   0.912065439673
194   0.0439670053076   -0.707801294141   0.709165544527   0.971328262142   0.912065439673
195   0.042246978483   -0.703920187688   0.705186810587   0.973607038123   0.914285714286
196   0.0396534349167   -0.7024397717   0.703558119679   0.975147928994   0.912423625255
197   0.0412576125664   -0.695096156875   0.696319508485   0.976882039123   0.912423625255
198   0.0427677400875   -0.693671235399   0.694988390127   0.976247030879   0.912423625255
199   0.0464369570038   -0.691030635275   0.692589149398   0.975059382423   0.912423625255
200   0.053110294704   -0.696438146598   0.698460303411   0.977461447212   0.912423625255
201   0.0589067979195   -0.700577805762   0.703049978854   0.979228486647   0.912423625255
202   0.0626534289764   -0.704708212444   0.707487891662   0.979228486647   0.914285714286
203   0.0685256134932   -0.695503833556   0.698871477595   0.978015448604   0.916155419223
204   0.0732993033786   -0.694208582366   0.698067578181   0.976799524093   0.916155419223
205   0.075793329514   -0.695834430739   0.69995012951   0.9774078478   0.918032786885
206   0.076232573415   -0.692524941109   0.696708116292   0.976799524093   0.919917864476
207   0.0710206104953   -0.694411030723   0.698033385093   0.977989292088   0.921810699588
208   0.0744063151145   -0.693475276909   0.697455560888   0.979203802733   0.919587628866
209   0.0737973170056   -0.686191075205   0.690147981007   0.978041543027   0.927234927235
210   0.076689862449   -0.68149147179   0.685792943333   0.978622327791   0.927234927235
211   0.0729111826535   -0.683123739445   0.687003700099   0.977380952381   0.926931106472
212   0.0753220603971   -0.694641007317   0.698712774915   0.981020166074   0.928870292887
213   0.0758931899751   -0.688800518743   0.692968924921   0.979228486647   0.930817610063
214   0.0669421989168   -0.684097943299   0.687365444303   0.978647686833   0.933054393305
215   0.0745304899217   -0.677236188599   0.681324921807   0.978647686833   0.933054393305
216   0.0700041587172   -0.665844647188   0.669514508003   0.979228486647   0.933054393305
217   0.0749136711284   -0.669063929897   0.673244829473   0.979228486647   0.933054393305
218   0.0785835913088   -0.664417143266   0.669048220302   0.980461811723   0.933054393305
219   0.0748225818853   -0.65310709719   0.657379113724   0.979857819905   0.933054393305
220   0.0846509149645   -0.670070880543   0.675396744407   0.9792776791   0.933054393305
221   0.0860598889628   -0.679914260845   0.685339117947   0.983412322275   0.933054393305
222   0.0953712588843   -0.673030326544   0.679753997759   0.979228486647   0.930817610063
223   0.104189884343   -0.676402428294   0.684379848477   0.981645944346   0.932773109244
224   0.0993948705196   -0.68870441435   0.695839859903   0.981624184944   0.932773109244
225   0.0924835696887   -0.695643822197   0.70176458875   0.981020166074   0.930526315789
226   0.0929034130683   -0.679093317539   0.685418688165   0.979203802733   0.930526315789
227   0.093646845925   -0.677027578391   0.683473535445   0.980392156863   0.932773109244
228   0.0796967857226   -0.664225877936   0.668989980922   0.98224852071   0.930817610063
229   0.0778141959276   -0.65001952812   0.654660550229   0.980415430267   0.929460580913
230   0.0775570347493   -0.639679874528   0.644364365492   0.981042654028   0.927536231884
231   0.0832554294941   -0.655781376724   0.661045142633   0.982830076969   0.925925925926
232   0.0913506490041   -0.626167039374   0.632795466381   0.980415430267   0.925925925926
233   0.0883913253176   -0.619821687735   0.626092605752   0.983412322275   0.924335378323
234   0.0916507079465   -0.614137108407   0.620938193534   0.982850384388   0.924335378323
235   0.0855585885603   -0.60708348268   0.61308288756   0.981602373887   0.91393442623
236   0.0919055122061   -0.571057391944   0.578405712341   0.98224852071   0.91393442623
237   0.0930439009952   -0.549721136205   0.557539680295   0.979228486647   0.920245398773
238   0.0934446979198   -0.540781415672   0.548795454706   0.984615384615   0.918367346939
239   0.108543826234   -0.548412225247   0.559050741001   0.985198342214   0.922764227642
240   0.112026086129   -0.528203157053   0.53995223779   0.983976261128   0.920245398773
241   0.114082672506   -0.49907412966   0.511947109633   0.982789317507   0.924024640657
242   0.12233768006   -0.469864543141   0.485529810479   0.984597156398   0.927536231884
243   0.113650191457   -0.448792071461   0.46295862604   0.982789317507   0.933333333333
244   0.103357667515   -0.426303171068   0.438653851114   0.984560570071   0.935550935551
245   0.099583961498   -0.396235420492   0.408557797429   0.982789317507   0.933609958506
246   0.107746856448   -0.356261039201   0.372197948849   0.982809721399   0.927835051546
247   0.108772859012   -0.342763985672   0.359609072093   0.983412322275   0.930041152263
248   0.111538756144   -0.334724954759   0.352819627374   0.980975029727   0.915811088296
249   0.111036203442   -0.339252922921   0.356961600435   0.982185273159   0.918032786885
250   0.110308348434   -0.327811792964   0.345873536629   0.983372921615   0.920245398773
251   0.110268415257   -0.335963062757   0.353596242826   0.983957219251   0.922448979592
252   0.107830755922   -0.329575894025   0.346767561697   0.986398580721   0.924643584521
253   0.0920133170185   -0.340641571156   0.352850011348   0.985815602837   0.922448979592
254   0.103491112208   -0.345162859281   0.360344015815   0.985781990521   0.91649694501
255   0.0969000210077   -0.375676501766   0.387972225875   0.986382474837   0.914285714286
256   0.0972938892554   -0.387373002152   0.399404486308   0.983412322275   0.928131416838
257   0.10957191441   -0.399231117844   0.413994552962   0.983957219251   0.929752066116
258   0.118022746417   -0.435341984239   0.451056550682   0.983995257854   0.931677018634
259   0.117963154338   -0.464525744941   0.479269729374   0.985815602837   0.933609958506
260   0.122928304155   -0.465851374046   0.481797541155   0.984578884935   0.935817805383
261   0.127613319022   -0.458502040493   0.475929911151   0.986982248521   0.933884297521
262   0.12640808335   -0.484890762136   0.501096851658   0.986966824645   0.930041152263
263   0.126805478536   -0.493890872621   0.509909622821   0.988137603796   0.928131416838
264   0.13748625187   -0.494841092985   0.513585608014   0.985198342214   0.926229508197
265   0.129804839929   -0.486291824844   0.503318026082   0.985798816568   0.924335378323
266   0.122565337029   -0.515737602634   0.530101439926   0.986966824645   0.924335378323
267   0.124873665684   -0.528157113581   0.542718498862   0.986382474837   0.924335378323
268   0.117327777757   -0.530181706042   0.543008700533   0.986966824645   0.924335378323
269   0.126700699942   -0.527574897997   0.542575654045   0.98755186722   0.928131416838
270   0.114296626269   -0.552250686723   0.563954377376   0.98756660746   0.925925925926
271   0.110228304059   -0.569005203975   0.579583644668   0.991119005329   0.925619834711
272   0.113632975621   -0.545048642978   0.556767883737   0.988750740083   0.921161825726
273   0.118852883098   -0.559882807777   0.572358948795   0.988750740083   0.921161825726
274   0.10335709272   -0.57565939674   0.584864454101   0.988724035608   0.924686192469
275   0.103589111896   -0.583450849371   0.592575394135   0.988151658768   0.917894736842
276   0.113525342891   -0.611889776193   0.622331986714   0.988151658768   0.908704883227
277   0.109146969187   -0.619155261986   0.628702075174   0.98755186722   0.901709401709
278   0.124604039152   -0.630711100676   0.642901749172   0.988737403675   0.896551724138
279   0.12825583765   -0.646373243134   0.658974907968   0.986951364176   0.894168466523
280   0.120960090674   -0.613128268226   0.624946091142   0.989336492891   0.905982905983
281   0.116796867787   -0.598614372836   0.609902185346   0.989298454221   0.911016949153
282   0.111031206537   -0.573821628094   0.584464874644   0.989946777055   0.922755741127
283   0.112734220389   -0.53728407628   0.548983773049   0.989374262102   0.917695473251
284   0.106252411265   -0.504375453518   0.515445606258   0.989349112426   0.91649694501
285   0.0880440119872   -0.494149201897   0.501931451278   0.989946777055   0.915322580645
286   0.081509367196   -0.485175181914   0.491974322588   0.987581312833   0.911646586345
287   0.0921423457212   -0.492019451564   0.500573024236   0.989934872706   0.913480885312
288   0.0966180871255   -0.513209672432   0.522225260437   0.989349112426   0.911290322581
289   0.0948530717094   -0.532535576556   0.540917041247   0.990543735225   0.916835699797
290   0.092972329968   -0.532216168045   0.540275766316   0.988764044944   0.914979757085
291   0.0878867162342   -0.553011485705   0.559951585597   0.990521327014   0.91649694501
292   0.0911584858313   -0.569549937349   0.576798925687   0.99173553719   0.918367346939
293   0.101387056952   -0.580461736153   0.589249660547   0.988750740083   0.921161825726
294   0.0964226214661   -0.592278579679   0.600076026747   0.98756660746   0.908704883227
295   0.105614521065   -0.61167241567   0.620723425651   0.987610619469   0.901960784314
296   0.119646747018   -0.602171104694   0.613942491932   0.989946777055   0.876957494407
297   0.127880540811   -0.624903619519   0.637854188986   0.989349112426   0.857142857143
298   0.135551414878   -0.663242654509   0.676952734565   0.989934872706   0.838095238095
299   0.156491262342   -0.701484127482   0.718727692731   0.991725768322   0.782828282828
300   0.174668878898   -0.762214317138   0.781971791375   0.994075829384   0.714666666667
301   0.198764440355   -0.891001318047   0.912902323094   0.991715976331   0.638418079096
302   0.251827703216   -1.07303477306   1.10218910188   0.994103773585   0.503105590062
303   0.32509634485   -1.38767989835   1.42525195447   0.994082840237   0.308771929825
304   0.383819739507   -1.80622400029   1.84655428614   0.992899408284   0.0948616600791
305   -1.0   -1.0   -1.0   0.995271867612   -1.0
306   -1.0   -1.0   -1.0   0.992330383481   -1.0
307   0.388433215409   -2.00356883745   2.0408744325   0.991715976331   0.0326530612245
308   0.360975341846   -1.99197745078   2.02442025327   0.992924528302   0.131782945736
309   0.311532101308   -1.96475170732   1.98929674045   0.993517972893   0.221402214022
310   0.241031552766   -1.95579577285   1.97059212282   0.966292134831   0.308771929825
311   0.208899183279   -1.9367879292   1.94802113732   0.96694214876   0.377104377104
312   0.192726510985   -1.90482167295   1.91454671235   0.963969285292   0.42996742671
313   0.183008874603   -1.80166085533   1.81093182804   0.962919364332   0.530487804878
314   0.170429874177   -1.54043721755   1.54983649564   0.964054213318   0.626780626781
315   0.148468606467   -1.28075060308   1.28932735735   0.963443396226   0.714666666667
316   0.145244189249   -1.04935082575   1.0593550066   0.964622641509   0.798004987531
317   0.134649419611   -0.856294596561   0.866816533242   0.962264150943   0.865882352941
318   0.120913171423   -0.719986654828   0.730069022869   0.964580873672   0.888888888889
319   0.121512109216   -0.599807988099   0.611992496092   0.993510324484   0.887417218543
320   0.130664031982   -0.54363091015   0.559113276291   0.994096812279   0.900862068966
321   0.12135823438   -0.525559976694   0.539389571789   0.993525603296   0.908704883227
322   0.100382958087   -0.475138168495   0.485626417563   0.964622641509   0.903765690377
323   0.0883217834133   -0.452241865692   0.460785679584   0.965150620201   0.906832298137
324   0.0865932701901   -0.39177168923   0.401227430423   0.965150620201   0.909836065574
325   0.095742223265   -0.362884303266   0.375301999558   0.96694214876   0.910931174089
326   0.0902913440941   -0.361109230681   0.372226279703   0.965721040189   0.909090909091
327   0.0863371487191   -0.366589867895   0.376619482359   0.968620485494   0.907258064516
328   0.0872630484754   -0.362431452893   0.372788676968   0.967474866943   0.907258064516
329   0.0834170670266   -0.333067855   0.343354922938   0.969804618117   0.905432595573
330   0.0785089510547   -0.332170655091   0.341322427478   0.970449172577   0.907258064516
331   0.0776019053564   -0.329947305889   0.338950262396   0.970379146919   0.907258064516
332   0.0728315701509   -0.325668371744   0.333712939463   0.969804618117   0.908
333   0.0986875016137   -0.304226568145   0.319832812169   0.970414201183   0.908
334   0.0918549775862   -0.307545791749   0.320970015625   0.96694214876   0.913480885312
335   0.0902611166914   -0.319699504941   0.332196993734   0.965761511216   0.909090909091
336   0.102811955278   -0.338134151585   0.35341901847   0.968085106383   0.912778904665
337   0.106456100871   -0.321660289801   0.338818894762   0.966371681416   0.912778904665
338   0.101477153827   -0.315485718183   0.33140436196   0.968085106383   0.91649694501
339   0.100773754637   -0.322052303622   0.337450790326   0.966331955109   0.918367346939
340   0.0974801860408   -0.318826910527   0.33339613907   0.967474866943   0.918367346939
341   0.0928399139067   -0.300854384342   0.314853315358   0.965801886792   0.918367346939
342   0.103507248194   -0.279425587618   0.297980552124   0.966331955109   0.920892494929
343   0.097220753099   -0.26900801386   0.286037036682   0.96915776987   0.919028340081
344   0.0901025404113   -0.250190757285   0.265920820583   0.968085106383   0.917505030181
345   0.0978917791126   -0.245039294112   0.263869392081   0.96926713948   0.917505030181
346   0.0964607607596   -0.248110003147   0.266201525217   0.969230769231   0.91935483871
347   0.0968608335517   -0.257738060176   0.275337844729   0.969840331165   0.921212121212
348   0.0760017049182   -0.262394608543   0.273179775501   0.973902728351   0.923076923077
349   0.0777289883993   -0.24130124726   0.253511513677   0.972139893302   0.923076923077
350   0.0799145988585   -0.242580111413   0.255404490102   0.971563981043   0.924949290061
351   0.0835769927928   -0.265058678564   0.277923041158   0.970414201183   0.924643584521
352   0.0775207674503   -0.261146193325   0.272409257688   0.97153024911   0.924643584521
353   0.0940328113334   -0.251346194425   0.268359980361   0.97034400949   0.924643584521
354   0.0978451892846   -0.264210156796   0.281745786162   0.955029585799   0.926829268293
355   0.0908599438393   -0.26787267308   0.282862684668   0.952774498229   0.926829268293
356   0.10413737806   -0.249183704528   0.270068717388   0.96694214876   0.926829268293
357   0.10607461219   -0.223728788176   0.247601280308   0.969840331165   0.924643584521
358   0.0926256920534   -0.232905713837   0.250648340043   0.969768820391   0.922764227642
359   0.0882936388741   -0.243437823485   0.25895509373   0.955489614243   0.914979757085
360   0.0829279603513   -0.231650710345   0.246046943105   0.972073677956   0.912778904665
361   0.0806565822555   -0.230128381056   0.243853554472   0.973293768546   0.91649694501
362   0.0853868199275   -0.210766244447   0.227405626175   0.973262032086   0.91649694501
363   0.0914811153944   -0.211815930473   0.230726641019   0.972106824926   0.91649694501
364   0.0920843476455   -0.212291074229   0.231402306122   0.973293768546   0.91649694501
365   0.0899332241077   -0.224144624308   0.241513555322   0.971496437055   0.91649694501
366   0.0869213744131   -0.231458352001   0.247241367981   0.972748815166   0.91649694501
367   0.0843801157776   -0.247815683573   0.261787350656   0.956057007126   0.91649694501
368   0.0756621002953   -0.236170252895   0.24799423738   0.975118483412   0.912065439673
369   0.0653486386387   -0.225482075417   0.234760752483   0.973293768546   0.914285714286
370   0.0760106917705   -0.246912736108   0.25834768146   0.956057007126   0.936605316973
371   0.0797411888006   -0.239016148135   0.251967014231   0.973325429757   0.938775510204
372   0.082698808858   -0.256972658549   0.269951922068   0.956161137441   0.940695296524
373   0.0828072030339   -0.250628296349   0.263953738002   0.957193816885   0.940695296524
374   0.0809342320393   -0.255882726258   0.268377196336   0.959619952494   0.916155419223
375   0.0893766513761   -0.250005656204   0.265501438688   0.957244655582   0.918032786885
376   0.0826322332677   -0.226237414578   0.240855669914   0.970919881306   0.918032786885
377   0.0750800004286   -0.231300845092   0.243181182259   0.957863501484   0.917695473251
378   0.0784282368515   -0.2075197849   0.221845553168   0.972619047619   0.921810699588
379   0.0863182231563   -0.194915759699   0.21317361241   0.973871733967   0.923711340206
380   0.0786543586231   -0.206865445686   0.221313851237   0.973902728351   0.923395445135
381   0.0810002038029   -0.21815140526   0.232703821698   0.973262032086   0.927234927235
382   0.0884807434932   -0.206494105379   0.224652303628   0.974480712166   0.925
383   0.081818884021   -0.22460936502   0.239047477788   0.974480712166   0.925
384   0.0843887016516   -0.242334013744   0.256607145621   0.958481613286   0.92050209205
385   0.087857025179   -0.268644004853   0.282645463818   0.957863501484   0.918238993711
386   0.0855942120034   -0.250951687034   0.265147352153   0.958530805687   0.913684210526
387   0.0780560623781   -0.270398790834   0.281439611566   0.957913455839   0.912579957356
388   0.0932416844151   -0.239088585341   0.256626895225   0.974510966212   0.912579957356
389   0.0983658004858   -0.27171610753   0.288973136808   0.957863501484   0.907922912206
390   0.0869726538687   -0.258239447732   0.272491935451   0.95971563981   0.900862068966
391   0.103006493262   -0.255569637949   0.275547051328   0.958432304038   0.900432900433
392   0.095484130064   -0.26140563647   0.278298627148   0.959619952494   0.952380952381
393   0.0953058566171   -0.257800282702   0.274853037216   0.961332540155   0.900432900433
394   0.102150369786   -0.264269945868   0.283325435386   0.95971563981   0.898047722343
395   0.108544570789   -0.246317700286   0.269173426106   0.959098992294   0.898047722343
