# 2017-01-10 15:29:15.969961
# CT_x25
#  path: ../data_final/CT_x25/
#  thresholds: -457.88, 331.0
# MR_x25
#  path: ../data_final/MR_x25/
#  thresholds: 705.15, 2087.0
# 
sliceNumber   distortionX   distortionY   distortionNorm   dice_CT   dice_MR
  0   -0.11260174224   -1.09203589661   1.09782582947   0.981347544728   0.874811463047
  1   -0.128738414566   -1.09231600154   1.09987627786   0.981375902699   0.87987987988
  2   -0.135777789165   -1.09150436199   1.0999169879   0.980600988969   0.888226527571
  3   -0.153603220633   -1.07989216057   1.09076167326   0.982136069935   0.896449704142
  4   -0.155666815959   -1.04677335189   1.05828474798   0.982496194825   0.904552129222
  5   -0.172771381308   -1.048702384   1.06283895319   0.979840243439   0.908296943231
  6   -0.163942850838   -1.02505113678   1.03807855741   0.979047619048   0.914616497829
  7   -0.188573637029   -1.01491769306   1.03228772165   0.979840243439   0.914616497829
  8   -0.17590334054   -1.01499217248   1.03012188377   0.977879481312   0.917748917749
  9   -0.193203834882   -1.03270793071   1.05062523859   0.961553102398   0.92417739628
 10   -0.200286083592   -1.00909097711   1.02877554178   0.97715156131   0.925925925926
 11   -0.193125937539   -1.02214683808   1.04023160227   0.963525835866   0.925925925926
 12   -0.199010599414   -1.01755686668   1.03683518247   0.963837076513   0.924822695035
 13   -0.213861593509   -1.01742735401   1.03966109953   0.965306900496   0.923512747875
 14   -0.221555542191   -1.01558468867   1.03947059513   0.966539923954   0.920903954802
 15   -0.220122976082   -1.01298999446   1.03663052891   0.967643700038   0.920903954802
 16   -0.215113779932   -1.00119640094   1.02404500466   0.968405024743   0.923943661972
 17   -0.220049680982   -0.978449219652   1.00288819793   0.966488956588   0.925666199158
 18   -0.222066554206   -0.980335197248   1.00517195219   0.966857142857   0.906293706294
 19   -0.22692690575   -0.980246190864   1.00617017212   0.966146823887   0.909344490934
 20   -0.221675605666   -0.975708478782   1.00057339047   0.968405024743   0.912378303199
 21   -0.196826026028   -0.985918022961   1.00537298179   0.969166349448   0.913888888889
 22   -0.193370165411   -0.979324406264   0.998232594927   0.969512195122   0.915629322268
 23   -0.198111070826   -0.967821783171   0.987890176266   0.969927674153   0.923076923077
 24   -0.187047834523   -0.951717785221   0.969924551244   0.971406786123   0.924760601915
 25   -0.180419953205   -0.946861798491   0.963897621615   0.968405024743   0.930800542741
 26   -0.15962035478   -0.931711317822   0.945285479322   0.967619047619   0.936400541272
 27   -0.153867843054   -0.904063736636   0.917064094284   0.967225609756   0.93657219973
 28   -0.143691690795   -0.910960952995   0.922224029119   0.968429060479   0.940700808625
 29   -0.127169725253   -0.917950413771   0.926717379336   0.970666666667   0.942126514132
 30   -0.128468780536   -0.90419314571   0.913274040101   0.971058644326   0.943243243243
 31   -0.124281527594   -0.905650470002   0.914138212699   0.968085106383   0.944818304172
 32   -0.116195002911   -0.897104274485   0.904597898517   0.969904761905   0.946091644205
 33   -0.101461319442   -0.883030955113   0.888840855852   0.972232788132   0.955704697987
 34   -0.113380846227   -0.878860460335   0.886143851207   0.972952380952   0.955704697987
 35   -0.115598619559   -0.868115702384   0.875778461467   0.972911102633   0.955704697987
 36   -0.100477494005   -0.854186874749   0.860076126744   0.972126765941   0.955823293173
 37   -0.100852563928   -0.837103324391   0.843156696799   0.972911102633   0.938337801609
 38   -0.0929382542737   -0.810660767896   0.815970832637   0.974476190476   0.942436412316
 39   -0.104200174578   -0.804251825543   0.81097390542   0.972581873572   0.942436412316
 40   -0.112899307376   -0.804034578123   0.811922321668   0.971820258949   0.942436412316
 41   -0.106757467111   -0.813784625567   0.820757317112   0.973674170164   0.94259012016
 42   -0.0952299908707   -0.799240110376   0.80489347444   0.974847560976   0.948069241012
 43   -0.106418869013   -0.786421859417   0.79358951395   0.975609756098   0.945551128818
 44   -0.100071515715   -0.779883012221   0.786277190951   0.972952380952   0.949602122016
 45   -0.0907270400156   -0.747174291582   0.752662485973   0.974437237696   0.955026455026
 46   -0.095090709207   -0.762020380787   0.767930533129   0.976   0.957783641161
 47   -0.0833249173974   -0.760516653416   0.765067723788   0.975628332064   0.960526315789
 48   -0.0815761983439   -0.759426398846   0.763795215618   0.975945017182   0.961791831357
 49   -0.0778956910617   -0.744805411051   0.748867704616   0.979405034325   0.96442687747
 50   -0.082295920535   -0.74099695967   0.745552890664   0.978999618175   0.96714848883
 51   -0.0774830194904   -0.732285877138   0.736373698719   0.977523809524   0.96714848883
 52   -0.0620475381953   -0.724026543067   0.726680350678   0.976779596498   0.968421052632
 53   -0.07681160768   -0.724443136152   0.728503864501   0.975981700343   0.971128608924
 54   -0.0759551870979   -0.724476663137   0.728447407763   0.976690867405   0.973821989529
 55   -0.073020858634   -0.704379485173   0.708154294577   0.976425855513   0.975098296199
 56   -0.0900749035727   -0.722112127379   0.727708329457   0.983193277311   0.973821989529
 57   -0.0809635639536   -0.695456997846   0.700153936317   0.978999618175   0.972620599739
 58   -0.0772509104336   -0.687642660629   0.691968302655   0.979357798165   0.973890339426
 59   -0.0772120662669   -0.694605524157   0.698883779585   0.979405034325   0.973890339426
 60   -0.0698417298782   -0.693397804032   0.696906293464   0.979405034325   0.942558746736
 61   -0.0780294930635   -0.691624400523   0.696012150172   0.98206791301   0.942558746736
 62   -0.0881509746646   -0.687172956106   0.692803915937   0.98320610687   0.94750656168
 63   -0.0848014980383   -0.667143860486   0.672511876961   0.980571428571   0.94750656168
 64   -0.0744269283921   -0.651248047671   0.655487137376   0.981319100267   0.947643979058
 65   -0.0733713560606   -0.638485019875   0.642686919499   0.980167810831   0.950261780105
 66   -0.0715728672048   -0.644567564084   0.648529120387   0.98208158597   0.950261780105
 67   -0.055951810619   -0.656787576397   0.659166538609   0.979824895318   0.952879581152
 68   -0.0634194709898   -0.650009175154   0.65309567223   0.979452054795   0.954128440367
 69   -0.0679611109672   -0.63953319813   0.643134063874   0.9813617345   0.958005249344
 70   -0.0617158566191   -0.629198150903   0.632217652441   0.981375902699   0.958005249344
 71   -0.0688628309489   -0.6171064999   0.620936809752   0.981707317073   0.963157894737
 72   -0.0670825938977   -0.627062838329   0.630640846772   0.98212248003   0.963157894737
 73   -0.0619665450299   -0.621531996889   0.624613381109   0.983269961977   0.964520367937
 74   -0.0662673449162   -0.609806301368   0.613396353258   0.982496194825   0.929133858268
 75   -0.0726662886828   -0.606862463041   0.611197544628   0.982870194138   0.929133858268
 76   -0.0761306002986   -0.592288923399   0.597161650714   0.982870194138   0.929133858268
 77   -0.0719742261716   -0.581762322481   0.586197653604   0.983643971092   0.930354796321
 78   -0.0737816968595   -0.600062356315   0.604581318152   0.983257229833   0.930354796321
 79   -0.0812331699125   -0.607517853198   0.612924766874   0.983244478294   0.930354796321
 80   -0.0688958746741   -0.602023549001   0.605952964428   0.983656404409   0.930171277997
 81   -0.0815471919193   -0.592157010761   0.597745656532   0.983257229833   0.927726675427
 82   -0.0757215473185   -0.594512973852   0.599315800565   0.983631518843   0.927726675427
 83   -0.0696673160005   -0.594181007064   0.598251288402   0.982509505703   0.926509186352
 84   -0.0582573004202   -0.585518859272   0.588409931609   0.981735159817   0.927726675427
 85   -0.0607854468769   -0.583365640376   0.586523947442   0.980512036683   0.927726675427
 86   -0.0480165781884   -0.607526496561   0.609421066098   0.966146823887   0.918635170604
 87   -0.0492320938166   -0.597537062722   0.599561790301   0.967250571211   0.921465968586
 88   -0.0510052166323   -0.565025944621   0.56732340884   0.98097412481   0.921465968586
 89   -0.0555001521269   -0.575181061483   0.577852507457   0.967300380228   0.920261437908
 90   -0.050761196615   -0.551133070006   0.553465771242   0.981347544728   0.922875816993
 91   -0.0466895838233   -0.564519633706   0.566447114987   0.968012185834   0.925294888598
 92   -0.0571398385403   -0.552728259469   0.555673906139   0.982857142857   0.925294888598
 93   -0.0623560999829   -0.556407531745   0.559890725577   0.971014492754   0.925294888598
 94   -0.0566980949149   -0.555946615341   0.558830307943   0.969465648855   0.930537352556
 95   -0.0614612068503   -0.550298554115   0.553720126606   0.969142857143   0.929319371728
 96   -0.0655236603374   -0.552554467903   0.556425907074   0.97177726926   0.929319371728
 97   -0.0486007655174   -0.569029091103   0.571100815032   0.972519083969   0.929319371728
 98   -0.0598294131262   -0.574807425053   0.577912739582   0.973384030418   0.930899608866
 99   -0.0596456441464   -0.559044918479   0.562217772525   0.973034561337   0.932114882507
100   -0.0650599525164   -0.572868931324   0.5765514807   0.972972972973   0.932114882507
101   -0.0585564466272   -0.579662110184   0.58261223762   0.970319634703   0.930899608866
102   -0.0558297781007   -0.56877453356   0.57150803507   0.972232788132   0.930899608866
103   -0.0506034397973   -0.559813275869   0.562095732023   0.97256097561   0.930899608866
104   -0.0591151056943   -0.576506188089   0.579529102484   0.975275770255   0.930899608866
105   -0.0540890824194   -0.571477707276   0.574031705353   0.977186311787   0.930899608866
106   -0.0458108126918   -0.575489629382   0.577310093525   0.976761904762   0.930899608866
107   -0.051016428938   -0.570688710274   0.572964466661   0.976425855513   0.930899608866
108   -0.0549957160827   -0.572206438908   0.574843228642   0.978252575353   0.930899608866
109   -0.061732716689   -0.566842152338   0.570193786337   0.977134146341   0.9296875
110   -0.056412431026   -0.570909481811   0.573689810609   0.97637195122   0.9296875
111   -0.0461749772606   -0.579664231608   0.581500429863   0.976036515785   0.9296875
112   -0.0511422580082   -0.575132019109   0.577401394143   0.977913175933   0.9296875
113   -0.065118727135   -0.562415710312   0.566173012276   0.979389312977   0.9296875
114   -0.0596209656133   -0.571634598365   0.574735394411   0.978658536585   0.9296875
115   -0.0540262495368   -0.557958992885   0.560568526926   0.976779596498   0.9296875
116   -0.0537796833495   -0.579972143809   0.582460249232   0.979095400988   0.9296875
117   -0.0519813356402   -0.57857779045   0.580908184533   0.978674790556   0.9296875
118   -0.0500675588055   -0.571867510236   0.574055058081   0.978707224335   0.9296875
119   -0.0439220337202   -0.585192310918   0.586838296129   0.976761904762   0.9296875
120   -0.0583463959652   -0.588382845599   0.591268699423   0.978658536585   0.9296875
121   -0.0398505004418   -0.584011685854   0.585369722141   0.979015642884   0.9296875
122   -0.0528812276691   -0.591195502   0.593555848951   0.977896341463   0.929503916449
123   -0.0459525808989   -0.600345951028   0.602102068263   0.980916030534   0.930718954248
124   -0.0381076277429   -0.609173295382   0.610364067667   0.98206791301   0.930718954248
125   -0.0421490549257   -0.624245482516   0.625666816503   0.981333333333   0.930718954248
126   -0.0278371868179   -0.63076779035   0.631381750063   0.98174904943   0.930718954248
127   -0.0214764840824   -0.618668266463   0.61904092215   0.979452054795   0.930718954248
128   -0.014378653085   -0.61377388874   0.613942287323   0.979824895318   0.932114882507
129   -0.0229355370432   -0.601276789759   0.601714065617   0.980571428571   0.932114882507
130   -0.0331711380014   -0.619673089932   0.620560281344   0.982095238095   0.932114882507
131   -0.0258720990917   -0.607982547511   0.608532779388   0.980198019802   0.932114882507
132   -0.0312944029125   -0.61554733721   0.616342326958   0.97980952381   0.933507170795
133   -0.0240298149528   -0.610726224213   0.611198783497   0.980586220023   0.933507170795
134   -0.0243899525911   -0.603112302554   0.60360526777   0.982883225561   0.933507170795
135   -0.023200625565   -0.610634086474   0.611074673498   0.980959634425   0.934725848564
136   -0.0295024894552   -0.629373044694   0.630064144569   0.982883225561   0.933507170795
137   -0.0289201406498   -0.615213083505   0.615892452179   0.9813617345   0.930899608866
138   -0.0306978704228   -0.62455568773   0.62530965635   0.98097412481   0.928478543563
139   -0.0271461177793   -0.60559625595   0.606204368947   0.980988593156   0.928478543563
140   -0.0211998408719   -0.606617206896   0.606987536079   0.982095238095   0.928478543563
141   -0.023108289263   -0.594563365729   0.595012259453   0.981347544728   0.92987012987
142   -0.0180249893498   -0.612019054391   0.612284429966   0.982469512195   0.928664072633
143   -0.00599484679419   -0.626685060932   0.626713733521   0.980600988969   0.928848641656
144   -0.00651645849958   -0.649150231992   0.649182938722   0.978707224335   0.927648578811
145   -0.0112654047828   -0.640565196135   0.64066424892   0.979111279909   0.927648578811
146   -0.00447400796295   -0.637021816626   0.637037527626   0.979405034325   0.927648578811
147   0.00720730287114   -0.647529289624   0.647569398702   0.977946768061   0.927648578811
148   -0.00710727532589   -0.655671740223   0.655710259406   0.977168949772   0.928848641656
149   -0.0134344220883   -0.651430364183   0.651568878229   0.978707224335   0.928848641656
150   -0.00688397649175   -0.663005084457   0.663040821631   0.977558006847   0.927461139896
151   -0.00859848230224   -0.659651974648   0.659708012347   0.979452054795   0.92987012987
152   -0.00175360450899   -0.65376523697   0.653767588826   0.977913175933   0.9296875
153   -0.00633153573015   -0.658179968514   0.658210421748   0.977523809524   0.9296875
154   -0.00963366492001   -0.681087022015   0.681155150503   0.966857142857   0.9296875
155   -0.010513153046   -0.669158618179   0.669241199173   0.979063570613   0.9296875
156   -0.00824613326097   -0.674829462135   0.674879842401   0.979824895318   0.9296875
157   -0.0158067172439   -0.669971920203   0.670158359025   0.977913175933   0.9296875
158   -0.00533566854574   -0.659966044737   0.65998761319   0.978318752377   0.930899608866
159   -0.00133583429766   -0.671357409279   0.671358738267   0.978691019787   0.930899608866
160   -0.00161401988662   -0.678697379145   0.678699298304   0.977523809524   0.930899608866
161   0.00245348489588   -0.66911636536   0.669120863508   0.97670866743   0.930899608866
162   0.00982957613818   -0.676068864884   0.676140318745   0.976036515785   0.930899608866
163   0.00535391658504   -0.686330707695   0.686351589747   0.966043494849   0.932291666667
164   0.0112074117263   -0.688869688833   0.688960851043   0.96641221374   0.932291666667
165   0.0116448511277   -0.684162721908   0.684261815833   0.965306900496   0.932291666667
166   0.0136621162572   -0.687118663339   0.687254473197   0.965306900496   0.933507170795
167   0.00742468775251   -0.697139931367   0.697179467494   0.966806562381   0.933507170795
168   0.0129730280966   -0.693554222937   0.693675543473   0.968380952381   0.933507170795
169   0.00934913510596   -0.69878019246   0.698842731737   0.967594357606   0.933507170795
170   0.00795325085355   -0.695355941523   0.695401423359   0.966882375333   0.933333333333
171   0.0090819171424   -0.686103381765   0.68616348758   0.968205904618   0.933333333333
172   0.0156915098476   -0.679587280718   0.679768413208   0.967644845749   0.933333333333
173   -1.0   -1.0   -1.0   -1.0   0.933333333333
174   -1.0   -1.0   -1.0   -1.0   0.934725848564
175   -1.0   -1.0   -1.0   -1.0   0.934725848564
176   -1.0   -1.0   -1.0   -1.0   0.933507170795
177   -1.0   -1.0   -1.0   -1.0   0.932291666667
178   -1.0   -1.0   -1.0   -1.0   0.932291666667
179   -1.0   -1.0   -1.0   -1.0   0.932291666667
180   -1.0   -1.0   -1.0   -1.0   0.932291666667
181   -1.0   -1.0   -1.0   -1.0   0.933507170795
182   -1.0   -1.0   -1.0   -1.0   0.932114882507
183   -1.0   -1.0   -1.0   -1.0   0.932114882507
184   -1.0   -1.0   -1.0   -1.0   0.932114882507
185   -1.0   -1.0   -1.0   -1.0   0.932114882507
186   -1.0   -1.0   -1.0   -1.0   0.932114882507
187   -1.0   -1.0   -1.0   -1.0   0.932114882507
188   -1.0   -1.0   -1.0   -1.0   0.932114882507
189   -1.0   -1.0   -1.0   -1.0   0.933333333333
190   -1.0   -1.0   -1.0   -1.0   0.933333333333
191   -1.0   -1.0   -1.0   -1.0   0.934554973822
192   -1.0   -1.0   -1.0   -1.0   0.935779816514
193   -1.0   -1.0   -1.0   -1.0   0.937007874016
194   0.0437213987373   -0.707557564528   0.708907093932   0.965050732807   0.935779816514
195   0.0419339341509   -0.703543900444   0.704792504703   0.966088922381   0.935779816514
196   0.0391694842152   -0.702075814045   0.70316761669   0.968939393939   0.935779816514
197   0.0405117466274   -0.694791096461   0.695971169903   0.970018975332   0.933333333333
198   0.0419574619538   -0.693297074327   0.694565520224   0.970733561384   0.934554973822
199   0.0455617809002   -0.690806590043   0.692307461123   0.970342205323   0.935947712418
200   0.0524417638235   -0.69636068251   0.698332541658   0.969581749049   0.935779816514
201   0.0579463416791   -0.700479478184   0.70287216325   0.970711297071   0.937007874016
202   0.0616577684896   -0.704976968494   0.707668147173   0.969558599696   0.938239159001
203   0.0673713347657   -0.69597822282   0.699231423342   0.969904761905   0.940711462451
204   0.0720645716754   -0.695157536705   0.69888289672   0.969142857143   0.940711462451
205   0.0745335907625   -0.696964110431   0.700938105242   0.970274390244   0.941952506596
206   0.0747760756275   -0.693806110144   0.697824032231   0.971014492754   0.94319682959
207   0.0695237414968   -0.695395489249   0.698862244724   0.970666666667   0.941798941799
208   0.0729890876849   -0.694683748776   0.698507636132   0.971014492754   0.944297082228
209   0.0723999632333   -0.687185583849   0.690988987848   0.970644300419   0.944297082228
210   0.0755183987726   -0.682537185492   0.686702292214   0.969904761905   0.940079893475
211   0.0716081764604   -0.684096828512   0.687834428998   0.970319634703   0.941333333333
212   0.0741607583414   -0.69544634556   0.699389331939   0.970319634703   0.941333333333
213   0.0747114335454   -0.68973221583   0.693766767622   0.972602739726   0.940079893475
214   0.0661211977676   -0.684586400054   0.687772165715   0.970733561384   0.940079893475
215   0.0736308515902   -0.677722682697   0.681710742873   0.969627942293   0.942743009321
216   0.0690091660453   -0.666045810227   0.669611294946   0.97188449848   0.942743009321
217   0.0738641340781   -0.669012324502   0.673077559155   0.971841704718   0.932090545939
218   0.077421515484   -0.663923333133   0.668422234323   0.970364741641   0.936170212766
219   0.0736051527931   -0.652518961572   0.656657226968   0.970755791872   0.936170212766
220   0.0837892094966   -0.66983300193   0.675053243902   0.985958254269   0.934579439252
221   0.0854960807026   -0.679716744806   0.685072574977   0.988226357767   0.933155080214
222   0.0955730273834   -0.67284692385   0.679600755222   0.988593155894   0.945113788487
223   0.104084238284   -0.676885760078   0.684841485933   0.989353612167   0.943548387097
224   0.0995699412249   -0.689444462693   0.696597330123   0.989737742303   0.943548387097
225   0.0927664271725   -0.696804050415   0.702951986046   0.990106544901   0.946091644205
226   0.0932344530841   -0.679939687384   0.686302150457   0.987814166032   0.946091644205
227   0.0938760983887   -0.677424783917   0.683898427921   0.987814166032   0.943548387097
228   0.079792070574   -0.663945485896   0.668722949186   0.970688998858   0.934404283802
229   0.0776115616918   -0.649747004391   0.654365894758   0.971406786123   0.934579439252
230   0.0772033781669   -0.63951339059   0.644156610107   0.969927674153   0.936339522546
231   0.0827131511751   -0.656169619898   0.661362257355   0.971102661597   0.935099337748
232   0.0905701185925   -0.626901052335   0.633409721902   0.989737742303   0.932628797886
233   0.0877520474463   -0.620480552575   0.626655039041   0.992018244014   0.935441370224
234   0.0911475346136   -0.614891528746   0.621610380536   0.990136570561   0.934554973822
235   0.0854912752636   -0.607492289451   0.613478312484   0.988584474886   0.937172774869
236   0.0917284537277   -0.570939721459   0.578261424239   0.990505127231   0.941022280472
237   0.093049567523   -0.54966410973   0.55748439937   0.990490680867   0.941022280472
238   0.0930174483982   -0.540465271223   0.548411301036   0.991271347249   0.942257217848
239   0.107819517487   -0.549140556339   0.559625230818   0.99429440852   0.944736842105
240   0.111354321398   -0.529165006885   0.540754463139   0.993930197269   0.944591029024
241   0.114202830117   -0.501106218727   0.513954987186   0.99277841125   0.933687002653
242   0.121925675964   -0.471927816719   0.487423568011   0.992030360531   0.937583001328
243   0.113498470999   -0.450142575589   0.46423080604   0.993155893536   0.936339522546
244   0.103697957265   -0.42684334304   0.439259041841   0.99391634981   0.942743009321
245   0.100085273248   -0.396645165154   0.409077558613   0.993907083016   0.946666666667
246   0.10837279319   -0.356438067617   0.372549001274   0.991647684131   0.945551128818
247   0.109089858584   -0.342957403406   0.359889396617   0.990505127231   0.943046357616
248   0.112047942719   -0.334355386798   0.352630495205   0.990106544901   0.944591029024
249   0.111093540957   -0.338951764512   0.356693248476   0.990114068441   0.943495400788
250   0.110163647968   -0.327553028315   0.345582140297   0.991238095238   0.942408376963
251   0.109939479274   -0.33564992597   0.353196208794   0.992401215805   0.942408376963
252   0.107671914018   -0.329470672117   0.346618183097   0.992789373814   0.930718954248
253   0.0919504329456   -0.340412589674   0.352612554126   0.970041714069   0.943790849673
254   0.10361157672   -0.34561037672   0.360807277265   0.993538578487   0.943790849673
255   0.0974944909975   -0.37511987438   0.387582373089   0.97229601518   0.941176470588
256   0.0980776364736   -0.387093883954   0.399325553616   0.971168437026   0.942257217848
257   0.110167415284   -0.399272400902   0.414192358105   0.991238095238   0.942105263158
258   0.117976519104   -0.436064627665   0.451741982287   0.992006090598   0.943046357616
259   0.117927454676   -0.465762991116   0.480460246493   0.992789373814   0.93899204244
260   0.123097436451   -0.467384457235   0.483323090412   0.994298745724   0.937748344371
261   0.127290526411   -0.459987881488   0.47727531806   0.99429440852   0.937748344371
262   0.126299836366   -0.485765939025   0.501916523122   0.993528740008   0.936507936508
263   0.126379354141   -0.495224874543   0.51109628987   0.995815899582   0.934036939314
264   0.136881453659   -0.496281815903   0.514812755428   0.992772917459   0.932806324111
265   0.129287545048   -0.487230596546   0.504092177597   0.992789373814   0.932806324111
266   0.121920900806   -0.516542802758   0.530736444137   0.993140243902   0.931578947368
267   0.125303200106   -0.529197520715   0.543829851965   0.993528740008   0.931578947368
268   0.117559972054   -0.531744380864   0.544584643201   0.994290064713   0.931398416887
269   0.126602521264   -0.528724717087   0.543670879162   0.995430312262   0.931398416887
270   0.114902845611   -0.553646244546   0.565443921207   0.993166287016   0.941798941799
271   0.11058209617   -0.569966570588   0.580594773987   0.973363774734   0.940239043825
272   0.114421403855   -0.546151898398   0.558009098299   0.992018244014   0.940239043825
273   0.119897848277   -0.561353221031   0.574014749622   0.993911719939   0.94259012016
274   0.10412789653   -0.576943401094   0.586264707194   0.97138496757   0.938172043011
275   0.104660577237   -0.584683961979   0.59397741693   0.97219047619   0.935135135135
276   0.114044729435   -0.612730590857   0.623253541734   0.969512195122   0.933333333333
277   0.108346444885   -0.620079656881   0.629474171827   0.969904761905   0.923076923077
278   0.12297455078   -0.631359072497   0.643223925677   0.996194824962   0.926896551724
279   0.12663527464   -0.647065779276   0.65934104642   0.995051389418   0.92050209205
280   0.119902121188   -0.6141694818   0.62576406979   0.995058912961   0.924346629986
281   0.118211935439   -0.598535968614   0.610097834289   0.99580952381   0.93098782138
282   0.111829251229   -0.574109252074   0.58489932018   0.97149372862   0.934579439252
283   0.113210668843   -0.537708281202   0.549496907374   0.974495622383   0.924702774108
284   0.106847097247   -0.505094545941   0.516272023772   0.973384030418   0.923076923077
285   0.0880318592636   -0.494556704258   0.502330510692   0.972972972973   0.922480620155
286   0.0812213562146   -0.485344831131   0.492094009119   0.975238095238   0.922879177378
287   0.0916067798545   -0.492786639015   0.501228963356   0.974495622383   0.923870967742
288   0.0961095976804   -0.513885318373   0.522795538624   0.975275770255   0.923673997413
289   0.0947614446761   -0.533468308214   0.541819312378   0.975256947088   0.922077922078
290   0.0931367740242   -0.533046903437   0.541122407538   0.976407914764   0.924479166667
291   0.0882221734886   -0.553589198738   0.560574841439   0.976   0.924083769634
292   0.091655560559   -0.570804763088   0.578116613967   0.978674790556   0.935779816514
293   0.102492502117   -0.581019786968   0.589990428599   0.975628332064   0.934926958831
294   0.0973422452864   -0.592307222481   0.600252745534   0.976407914764   0.930800542741
295   0.103351080149   -0.612037654194   0.620702453611   0.976407914764   0.918767507003
296   0.117712219446   -0.602288665449   0.613683797354   0.975275770255   0.916666666667
297   0.128663957539   -0.625226816207   0.638328274224   0.975294564804   0.899705014749
298   0.134682520731   -0.664891385731   0.678395118062   0.972993533663   0.843410852713
299   0.154040069521   -0.701121043901   0.717843340304   0.960821605173   0.804487179487
300   0.17474860185   -0.760723025607   0.780536094961   0.972952380952   0.729131175468
301   0.194807632109   -0.891885117076   0.912912413975   0.962343096234   0.636197440585
302   0.244488068823   -1.07433528124   1.10180339095   0.963498098859   0.519841269841
303   0.32258505034   -1.3843925497   1.42147945689   0.973734297678   0.331096196868
304   0.39239620606   -1.80959178366   1.85164716024   0.974164133739   0.0920716112532
305   -1.0   -1.0   -1.0   0.976054732041   -1.0
306   -1.0   -1.0   -1.0   0.976036515785   -1.0
307   0.393764144323   -1.99213175439   2.03067455005   0.978318752377   0.0471204188482
308   0.35913043755   -1.9937513556   2.0258378857   0.965464895636   0.139650872818
309   0.307973275865   -1.96677867993   1.99074506516   0.979095400988   0.236406619385
310   0.239378666845   -1.95459705022   1.96920079597   0.964652223489   0.308390022676
311   0.210752986501   -1.93295011589   1.94440555745   0.981375902699   0.381778741866
312   0.19102004317   -1.9058843574   1.9154330687   0.97875569044   0.445833333333
313   0.181056512984   -1.80118352134   1.81026062722   0.966223908918   0.531496062992
314   0.170531652821   -1.54040659243   1.54981725201   0.97987086973   0.643636363636
315   0.151318375538   -1.2808990903   1.28980608244   0.966666666667   0.729131175468
316   0.14680424839   -1.04851415886   1.05874143617   0.966616084977   0.804487179487
317   0.132842702468   -0.856246508232   0.866490199863   0.96554335479   0.859756097561
318   0.122790428953   -0.71987357857   0.730270811799   0.965491088358   0.881057268722
319   0.122506741918   -0.599161989011   0.611557839366   0.965019011407   0.90395480226
320   0.129189051486   -0.54337565334   0.558522078048   0.967741935484   0.897222222222
321   0.119961392498   -0.525011126264   0.538541937448   0.967350037965   0.908344733242
322   0.101299830115   -0.47454318697   0.485234883207   0.968109339408   0.917900403769
323   0.090796578269   -0.452011053308   0.461040140267   0.968453059673   0.922872340426
324   0.0881614307228   -0.390905611608   0.400723888798   0.969236612229   0.917214191853
325   0.0961197141737   -0.361872136709   0.374420142059   0.97987086973   0.920469361147
326   0.0903692654672   -0.360229500526   0.371391837808   0.967325227964   0.923476005188
327   0.0868710647562   -0.365610095718   0.375788935419   0.968844984802   0.923673997413
328   0.0875997846129   -0.361517331454   0.371979170392   0.969973394147   0.927648578811
329   0.0836711954919   -0.332186368905   0.342561896074   0.969673995451   0.928848641656
330   0.0783023609824   -0.331512741848   0.340634639669   0.969650986343   0.928848641656
331   0.0773771642989   -0.329275468158   0.338244821817   0.970364741641   0.927648578811
332   0.0726474536432   -0.325023154291   0.333043095329   0.970018975332   0.927835051546
333   0.0983191463671   -0.303729044771   0.319245966584   0.969627942293   0.928848641656
334   0.091948663298   -0.30731679448   0.320777444425   0.972358954941   0.92987012987
335   0.090261834105   -0.319273077216   0.331786823926   0.974203338392   0.92987012987
336   0.102278872405   -0.338125037431   0.353255585487   0.970755791872   0.928478543563
337   0.106389123404   -0.321200077466   0.338360954224   0.969673995451   0.927083333333
338   0.102020850866   -0.315571915681   0.331653264688   0.971558589306   0.928292046936
339   0.101091995298   -0.322189364709   0.33767673631   0.973095869648   0.929319371728
340   0.0981268506124   -0.318384292131   0.333162777463   0.971190295679   0.931937172775
341   0.0934118140489   -0.300278061619   0.314472067589   0.971537001898   0.933507170795
342   0.103713206028   -0.278802692808   0.297468268261   0.97229601518   0.934895833333
343   0.0975574350327   -0.268893351648   0.286043856236   0.971124620061   0.933852140078
344   0.0906099310205   -0.250163809082   0.266067831528   0.971146545178   0.933852140078
345   0.0978802101756   -0.245626213817   0.264410235161   0.969950551541   0.935400516796
346   0.0968943371413   -0.248456725458   0.266681939762   0.971515381694   0.935400516796
347   0.0969972684888   -0.258337981111   0.275947427201   0.97346474602   0.937823834197
348   0.0761548580065   -0.263230505907   0.274025293793   0.975313330801   0.936280884265
349   0.0775360419267   -0.24216700515   0.254276810152   0.976072920623   0.934895833333
350   0.0798455584929   -0.242799068171   0.255590885431   0.973853732474   0.934895833333
351   0.0844060382872   -0.26531064948   0.278413577303   0.973034561337   0.937172774869
352   0.0780345368762   -0.260882944064   0.272303689745   0.974164133739   0.938401048493
353   0.0950850803711   -0.251432805825   0.26881151083   0.971863117871   0.939632545932
354   0.0979422992859   -0.264409588419   0.281966530704   0.977946768061   0.941022280472
355   0.0914736696702   -0.267786000809   0.282978399303   0.976072920623   0.942408376963
356   0.10429569948   -0.248975914137   0.269938138747   0.9726443769   0.943643512451
357   0.106947124615   -0.223598571519   0.247858848236   0.974573055028   0.943643512451
358   0.0931189552887   -0.232682596033   0.250623882204   0.976479514416   0.94626474443
359   0.0889398811348   -0.243211510331   0.258963590518   0.977540921203   0.933158584535
360   0.0829730850025   -0.231445733151   0.24586919333   0.976744186047   0.933158584535
361   0.0809891872479   -0.230080465768   0.243918570796   0.97637195122   0.935611038108
362   0.0856729620602   -0.210852750622   0.227593362981   0.974515024724   0.937007874016
363   0.0920060772665   -0.212147785808   0.231239705235   0.974164133739   0.936842105263
364   0.0919022297945   -0.212330336308   0.231365925663   0.974085365854   0.936842105263
365   0.0898994695817   -0.224751217436   0.242064091451   0.97592663355   0.936842105263
366   0.0870395677898   -0.231607675434   0.247422718603   0.975628332064   0.936842105263
367   0.0846870681292   -0.248059356327   0.262117042119   0.979420731707   0.935441370224
368   0.0761175718517   -0.236586811659   0.248530087103   0.978691019787   0.936675461741
369   0.0661674330811   -0.225231588836   0.234749649223   0.977929984779   0.932450331126
370   0.076293930959   -0.246674521346   0.258203569655   0.976335877863   0.953642384106
371   0.0798708629624   -0.238832668119   0.251834068607   0.976443768997   0.953642384106
372   0.0827853464142   -0.256493180458   0.26952210522   0.977203647416   0.953642384106
373   0.0834471958465   -0.25003217808   0.263589689802   0.979389312977   0.956175298805
374   0.0811000314097   -0.254689701711   0.267290215407   0.980541777947   0.934926958831
375   0.0899178012783   -0.250041718755   0.2657180312   0.980945121951   0.934926958831
376   0.0834497343329   -0.226237842598   0.241137760593   0.979389312977   0.936170212766
377   0.0754146089414   -0.23109751909   0.24309139551   0.980556614563   0.93741677763
378   0.0791347784902   -0.207406717669   0.221990674806   0.978219335117   0.940239043825
379   0.0865445832044   -0.195019975026   0.213360623221   0.980167810831   0.942743009321
380   0.0787644355247   -0.207266122117   0.221727494193   0.979467680608   0.939919893191
381   0.0815520497017   -0.218123658521   0.232870494518   0.980930587338   0.939919893191
382   0.0888524478413   -0.206338604445   0.224656130946   0.978674790556   0.909090909091
383   0.0827685759211   -0.224289576882   0.239074154725   0.981319100267   0.908847184987
384   0.0859161590106   -0.241436227275   0.256267513002   0.980586220023   0.907133243607
385   0.0895854424048   -0.267608204452   0.282205071856   0.98212248003   0.905660377358
386   0.0872149981331   -0.24978706691   0.264575196674   0.982136069935   0.905660377358
387   0.0798726726176   -0.269361963764   0.280954642876   0.982522796353   0.903924221922
388   0.094544911279   -0.237787170302   0.255893490751   0.979111279909   0.904891304348
389   0.0993041931457   -0.270630976889   0.288274952829   0.982108869433   0.907103825137
390   0.0881335847269   -0.257483826867   0.272149682813   0.982896237172   0.901098901099
391   0.104426189118   -0.254566548212   0.275152605734   0.978302245908   0.898071625344
392   0.0967454733135   -0.259882162134   0.277305652308   0.984030418251   0.898071625344
393   0.0967487667623   -0.255855620802   0.273536876062   0.981693363844   0.896551724138
394   0.103604432129   -0.26274338451   0.282432229854   0.983257229833   0.897506925208
395   0.110124782689   -0.245187034274   0.26878271808   0.980988593156   0.897506925208
