# 2017-01-16 22:57:57.881992
# CT_x1
#  path: ../data_final/CT_x1/
#  thresholds: -430.61, 333.0
#  dc-average: 0.861 (radius = 4)
#  dc-average (opti): 0.8671 (bestRadius: 4.04)
# MR_x1
#  path: ../data_final/MR_x1/
#  thresholds: 630.99, 2079.0
#  dc-average: 0.7049 (radius = 2)
#  dc-average (opti): 0.751 (bestRadius: 2.2)
#  dc-average (CT-COM): 0.5954
#  dc-average (CT-COM, opti): 0.6416
# 
# sliceNr  warp_X  warp_Y  warpMagnitude  dc_CT  dc_CT_opti  dc_MR  dc_MR_opti  dc_MR_CT-COM  dc_MR_opti_CT-COM  warpDC  warpDC_opti
  0     -0.1187     -1.0683     1.0749     0.8713     0.8807     0.6923     0.7059     0.4615     0.5294     0.3307     0.3161
  1     -0.1358     -1.0716     1.0802     0.8824     0.8909     0.6923     0.7059     0.4615     0.5294     0.3324     0.3177
  2     -0.1452     -1.0711     1.0808     0.88     0.8889     0.6923     0.7059     0.4615     0.5294     0.3326     0.3179
  3     -0.1591     -1.0638     1.0756     0.8713     0.8807     0.6923     0.7059     0.4615     0.5294     0.331     0.3164
  4     -0.1616     -1.0318     1.0444     0.88     0.8889     0.6923     0.7059     0.4615     0.5294     0.3213     0.3072
  5     -0.1776     -1.038     1.053     0.8911     0.8991     0.6923     0.7059     0.4615     0.5294     0.324     0.3097
  6     -0.1681     -1.0148     1.0286     0.8713     0.8807     0.6923     0.7059     0.4615     0.5294     0.3165     0.3025
  7     -0.1911     -1.0036     1.0217     0.88     0.8889     0.6923     0.7059     0.4615     0.5294     0.3144     0.3005
  8     -0.1761     -1.0065     1.0218     0.8713     0.8807     0.6923     0.7059     0.4615     0.5294     0.3144     0.3005
  9     -0.1926     -1.0289     1.0467     0.8713     0.8807     0.6923     0.7059     0.4615     0.5294     0.3221     0.3079
 10     -0.1965     -1.0056     1.0246     0.8713     0.8807     0.6923     0.7059     0.4615     0.5294     0.3153     0.3014
 11     -0.1908     -1.0201     1.0377     0.8713     0.8807     0.64     0.6667     0.48     0.4848     0.3736     0.3459
 12     -0.1893     -1.0179     1.0354     0.8713     0.8807     0.6154     0.6471     0.4615     0.4706     0.3982     0.3654
 13     -0.2026     -1.0204     1.0404     0.8627     0.8727     0.6154     0.6471     0.4615     0.4706     0.4001     0.3672
 14     -0.2088     -1.0191     1.0403     0.8627     0.8727     0.6154     0.6471     0.4615     0.4706     0.4001     0.3672
 15     -0.2075     -1.0228     1.0436     0.8627     0.8727     0.6667     0.6857     0.4444     0.5143     0.3479     0.328
 16     -0.2042     -1.0132     1.0336     0.8627     0.8727     0.6667     0.6857     0.4444     0.5143     0.3445     0.3248
 17     -0.2115     -0.9853     1.0078     0.8627     0.8727     0.6429     0.7222     0.5     0.5556     0.3599     0.2799
 18     -0.2124     -0.9868     1.0094     0.8627     0.8727     0.6429     0.7222     0.5     0.5556     0.3605     0.2804
 19     -0.2164     -0.9897     1.0131     0.8627     0.8727     0.6429     0.7222     0.5     0.5556     0.3618     0.2814
 20     -0.212     -0.9879     1.0104     0.8627     0.8727     0.6429     0.7222     0.5     0.5556     0.3608     0.2807
 21     -0.1888     -0.9975     1.0152     0.8627     0.8727     0.6429     0.7222     0.5     0.5556     0.3626     0.282
 22     -0.1797     -0.9888     1.005     0.8627     0.8727     0.6897     0.7568     0.5517     0.5946     0.3119     0.2445
 23     -0.181     -0.9792     0.9958     0.8627     0.8727     0.6897     0.7568     0.5517     0.5946     0.309     0.2422
 24     -0.1692     -0.9613     0.9761     0.8627     0.8727     0.6667     0.7368     0.5333     0.5789     0.3254     0.2569
 25     -0.163     -0.9615     0.9752     0.8627     0.8727     0.6667     0.7368     0.5333     0.5789     0.3251     0.2566
 26     -0.1366     -0.9459     0.9557     0.8627     0.8727     0.6667     0.7368     0.5333     0.5789     0.3186     0.2515
 27     -0.1256     -0.9161     0.9247     0.8627     0.8727     0.6667     0.7368     0.5333     0.5789     0.3082     0.2433
 28     -0.1198     -0.9285     0.9362     0.8627     0.8727     0.6667     0.7368     0.5333     0.5789     0.3121     0.2464
 29     -0.1029     -0.9409     0.9465     0.8627     0.8727     0.6667     0.7368     0.5333     0.5789     0.3155     0.2491
 30     -0.1017     -0.9264     0.9319     0.8713     0.8624     0.6667     0.7368     0.5333     0.5789     0.3106     0.2452
 31     -0.0947     -0.9337     0.9385     0.8713     0.8624     0.6667     0.7368     0.5333     0.5789     0.3128     0.247
 32     -0.0884     -0.9195     0.9238     0.8627     0.8727     0.7097     0.7692     0.5806     0.6154     0.2682     0.2132
 33     -0.0697     -0.9053     0.908     0.8713     0.8624     0.75     0.8     0.625     0.65     0.227     0.1816
 34     -0.0808     -0.8989     0.9025     0.8713     0.8624     0.75     0.8     0.625     0.65     0.2256     0.1805
 35     -0.0809     -0.8868     0.8905     0.8713     0.8624     0.7742     0.8205     0.6452     0.6667     0.2011     0.1598
 36     -0.0632     -0.8757     0.878     0.8713     0.8624     0.7742     0.8205     0.6452     0.6667     0.1983     0.1576
 37     -0.0661     -0.8532     0.8557     0.8713     0.8624     0.7742     0.8205     0.6452     0.6667     0.1932     0.1536
 38     -0.0539     -0.8216     0.8234     0.8713     0.8624     0.7742     0.8205     0.6452     0.6667     0.1859     0.1478
 39     -0.0636     -0.8153     0.8178     0.8713     0.8624     0.7742     0.8205     0.6452     0.6667     0.1847     0.1468
 40     -0.0763     -0.8127     0.8163     0.8713     0.8624     0.7742     0.8205     0.6452     0.6667     0.1843     0.1465
 41     -0.0654     -0.8263     0.8289     0.8713     0.8624     0.7742     0.8205     0.6452     0.6667     0.1872     0.1488
 42     -0.0523     -0.8063     0.808     0.8713     0.8624     0.7742     0.8205     0.6452     0.6667     0.1824     0.145
 43     -0.0579     -0.7945     0.7966     0.8627     0.8727     0.7742     0.8205     0.6452     0.6667     0.1799     0.143
 44     -0.0536     -0.7891     0.7909     0.8713     0.8624     0.7742     0.8205     0.6452     0.6667     0.1786     0.142
 45     -0.0428     -0.7501     0.7513     0.8713     0.8624     0.7742     0.8205     0.6452     0.6667     0.1697     0.1349
 46     -0.0467     -0.7648     0.7662     0.8713     0.8624     0.7742     0.8205     0.6452     0.6667     0.173     0.1375
 47     -0.0341     -0.7648     0.7655     0.8713     0.8624     0.7742     0.8205     0.6452     0.6667     0.1729     0.1374
 48     -0.0358     -0.7673     0.7682     0.8713     0.8624     0.7742     0.8205     0.6452     0.6667     0.1735     0.1379
 49     -0.0259     -0.7455     0.7459     0.8713     0.8624     0.7742     0.8205     0.6452     0.6667     0.1684     0.1339
 50     -0.0313     -0.7469     0.7475     0.8713     0.8624     0.7742     0.8205     0.6452     0.6667     0.1688     0.1342
 51     -0.031     -0.7327     0.7334     0.8713     0.8624     0.7742     0.8205     0.6452     0.6667     0.1656     0.1316
 52     -0.0093     -0.7238     0.7239     0.8713     0.8624     0.7742     0.8205     0.6452     0.6667     0.1635     0.1299
 53     -0.024     -0.7309     0.7313     0.8713     0.8624     0.7742     0.8205     0.6452     0.6667     0.1651     0.1313
 54     -0.0219     -0.7291     0.7294     0.8713     0.8624     0.7742     0.8205     0.6452     0.6667     0.1647     0.1309
 55     -0.017     -0.7071     0.7073     0.8713     0.8624     0.7742     0.8205     0.6452     0.6667     0.1597     0.1269
 56     -0.033     -0.7267     0.7275     0.8713     0.8624     0.7742     0.8205     0.6452     0.6667     0.1643     0.1306
 57     -0.0247     -0.6984     0.6988     0.8713     0.8624     0.7742     0.8205     0.6452     0.6667     0.1578     0.1254
 58     -0.024     -0.6879     0.6883     0.8713     0.8624     0.7742     0.8205     0.6452     0.6667     0.1554     0.1235
 59     -0.0257     -0.695     0.6955     0.8713     0.8624     0.7742     0.8205     0.6452     0.6667     0.157     0.1248
 60     -0.0136     -0.6913     0.6915     0.8713     0.8624     0.6452     0.6667     0.6452     0.6667     0.2454     0.2305
 61     -0.0217     -0.6894     0.6897     0.8713     0.8624     0.6452     0.7179     0.6452     0.7179     0.2447     0.1945
 62     -0.0335     -0.6861     0.687     0.8713     0.8624     0.6452     0.7179     0.6452     0.7179     0.2438     0.1938
 63     -0.0332     -0.6639     0.6648     0.8713     0.8624     0.6452     0.7179     0.6452     0.7179     0.2359     0.1875
 64     -0.0222     -0.6461     0.6465     0.8713     0.8624     0.6452     0.7179     0.6452     0.7179     0.2294     0.1823
 65     -0.0191     -0.6353     0.6356     0.8713     0.8624     0.6452     0.7179     0.6452     0.7179     0.2255     0.1793
 66     -0.0196     -0.6401     0.6404     0.8713     0.8624     0.6452     0.7179     0.6452     0.7179     0.2272     0.1806
 67     -0.0041     -0.6514     0.6514     0.8713     0.8624     0.6452     0.7179     0.6452     0.7179     0.2311     0.1837
 68     -0.013     -0.6426     0.6427     0.8713     0.8624     0.6452     0.7179     0.6452     0.7179     0.2281     0.1813
 69     -0.018     -0.6302     0.6304     0.8713     0.8624     0.6452     0.7179     0.6452     0.7179     0.2237     0.1778
 70     -0.0071     -0.6198     0.6199     0.8713     0.8624     0.6452     0.7179     0.6452     0.7179     0.22     0.1748
 71     -0.0188     -0.6073     0.6076     0.8713     0.8624     0.6452     0.7179     0.6452     0.7179     0.2156     0.1714
 72     -0.0174     -0.6144     0.6146     0.8713     0.8624     0.6452     0.7179     0.6452     0.7179     0.2181     0.1734
 73     -0.0126     -0.61     0.6101     0.8713     0.8624     0.6452     0.7179     0.6452     0.7179     0.2165     0.1721
 74     -0.016     -0.5988     0.599     0.8713     0.8624     0.6452     0.7179     0.6452     0.7179     0.2125     0.1689
 75     -0.0224     -0.5972     0.5976     0.8713     0.8624     0.6452     0.7179     0.6452     0.7179     0.2121     0.1686
 76     -0.0229     -0.585     0.5855     0.8713     0.8624     0.6452     0.7179     0.6452     0.7179     0.2078     0.1651
 77     -0.0272     -0.5699     0.5705     0.8713     0.8624     0.6452     0.7179     0.6452     0.7179     0.2024     0.1609
 78     -0.0309     -0.5911     0.5919     0.8713     0.8624     0.6452     0.7179     0.6452     0.7179     0.21     0.1669
 79     -0.0382     -0.5984     0.5996     0.8713     0.8624     0.6452     0.7179     0.6452     0.7179     0.2128     0.1691
 80     -0.0258     -0.5894     0.59     0.8713     0.8624     0.6452     0.7179     0.6452     0.7179     0.2094     0.1664
 81     -0.0392     -0.58     0.5813     0.8713     0.8624     0.6452     0.7179     0.6452     0.7179     0.2063     0.164
 82     -0.0353     -0.5815     0.5826     0.8713     0.8624     0.6452     0.7179     0.6452     0.7179     0.2067     0.1643
 83     -0.0312     -0.5773     0.5781     0.8713     0.8624     0.6452     0.7179     0.6452     0.7179     0.2051     0.1631
 84     -0.0161     -0.5718     0.572     0.8713     0.8624     0.6452     0.7179     0.6452     0.7179     0.203     0.1613
 85     -0.0203     -0.574     0.5743     0.8713     0.8624     0.6452     0.7179     0.6452     0.7179     0.2038     0.162
 86     -0.0074     -0.6002     0.6002     0.8713     0.8624     0.6452     0.7179     0.6452     0.7179     0.213     0.1693
 87     -0.0091     -0.5844     0.5845     0.8713     0.8624     0.6452     0.7179     0.6452     0.7179     0.2074     0.1649
 88     -0.0099     -0.5507     0.5508     0.8713     0.8624     0.6452     0.7179     0.6452     0.7179     0.1954     0.1554
 89     -0.0189     -0.5609     0.5612     0.8713     0.8624     0.6452     0.7179     0.6452     0.7179     0.1991     0.1583
 90     -0.0075     -0.5364     0.5365     0.8713     0.8624     0.6667     0.7368     0.6667     0.7368     0.1788     0.1412
 91     -0.0029     -0.5519     0.5519     0.8713     0.8624     0.6667     0.7368     0.6667     0.7368     0.184     0.1452
 92     -0.0171     -0.5377     0.5379     0.8713     0.8624     0.6667     0.7368     0.6667     0.7368     0.1793     0.1416
 93     -0.0222     -0.5466     0.547     0.8713     0.8624     0.6667     0.7368     0.6667     0.7368     0.1823     0.1439
 94     -0.0188     -0.546     0.5464     0.8713     0.8624     0.6667     0.7368     0.6667     0.7368     0.1821     0.1438
 95     -0.0236     -0.5348     0.5354     0.8713     0.8624     0.6667     0.7368     0.6667     0.7368     0.1785     0.1409
 96     -0.0293     -0.5425     0.5433     0.8713     0.8624     0.6667     0.7368     0.6667     0.7368     0.1811     0.143
 97     -0.0101     -0.5633     0.5634     0.88     0.8704     0.6667     0.7368     0.6667     0.7368     0.1878     0.1483
 98     -0.0239     -0.5642     0.5647     0.88     0.8704     0.6667     0.7368     0.6667     0.7368     0.1882     0.1486
 99     -0.0219     -0.5448     0.5452     0.8713     0.8624     0.6667     0.7368     0.6667     0.7368     0.1817     0.1435
100     -0.0258     -0.5609     0.5615     0.8713     0.8624     0.6667     0.7368     0.6667     0.7368     0.1872     0.1478
101     -0.0202     -0.5719     0.5723     0.8713     0.8624     0.6667     0.7368     0.6667     0.7368     0.1908     0.1506
102     -0.0186     -0.5614     0.5617     0.8713     0.8624     0.6667     0.7368     0.6667     0.7368     0.1872     0.1478
103     -0.0148     -0.5523     0.5525     0.88     0.8704     0.6667     0.7368     0.6667     0.7368     0.1842     0.1454
104     -0.0219     -0.5646     0.5651     0.88     0.8704     0.6667     0.7368     0.6667     0.7368     0.1884     0.1487
105     -0.0132     -0.5586     0.5588     0.88     0.8704     0.6667     0.7368     0.6667     0.7368     0.1863     0.147
106     -0.0068     -0.5627     0.5627     0.88     0.8704     0.6667     0.7368     0.6667     0.7368     0.1876     0.1481
107     -0.0144     -0.5619     0.5621     0.88     0.8704     0.6667     0.7368     0.6667     0.7368     0.1874     0.1479
108     -0.0158     -0.5642     0.5644     0.88     0.8704     0.6667     0.7368     0.6667     0.7368     0.1881     0.1485
109     -0.0254     -0.5544     0.555     0.8713     0.8807     0.6667     0.7368     0.6667     0.7368     0.185     0.146
110     -0.0224     -0.5609     0.5613     0.88     0.8704     0.6667     0.7368     0.6667     0.7368     0.1871     0.1477
111     -0.0073     -0.5672     0.5673     0.88     0.8704     0.6667     0.7368     0.6667     0.7368     0.1891     0.1493
112     -0.0159     -0.5619     0.5621     0.8713     0.8807     0.6667     0.7368     0.6667     0.7368     0.1874     0.1479
113     -0.0298     -0.5511     0.5519     0.88     0.8704     0.6667     0.7368     0.6667     0.7368     0.184     0.1452
114     -0.0228     -0.5584     0.5588     0.8713     0.8807     0.6667     0.7368     0.6667     0.7368     0.1863     0.1471
115     -0.0172     -0.5466     0.5468     0.88     0.8704     0.6667     0.7368     0.6667     0.7368     0.1823     0.1439
116     -0.0163     -0.569     0.5692     0.8713     0.8807     0.6667     0.7368     0.6667     0.7368     0.1897     0.1498
117     -0.0092     -0.5718     0.5719     0.88     0.8704     0.6667     0.7368     0.6667     0.7368     0.1906     0.1505
118     -0.0094     -0.5639     0.564     0.88     0.8704     0.6667     0.7368     0.6667     0.7368     0.188     0.1484
119     -0.0042     -0.5784     0.5784     0.88     0.8704     0.6667     0.7368     0.6667     0.7368     0.1928     0.1522
120     -0.0217     -0.5817     0.5821     0.8713     0.8807     0.6667     0.7368     0.6667     0.7368     0.194     0.1532
121     -0.0023     -0.5778     0.5778     0.8713     0.8807     0.6667     0.7368     0.6667     0.7368     0.1926     0.152
122     -0.0152     -0.5844     0.5846     0.8713     0.8807     0.6667     0.7368     0.6667     0.7368     0.1949     0.1538
123     -0.0078     -0.5894     0.5895     0.8713     0.8807     0.6667     0.7368     0.6667     0.7368     0.1965     0.1551
124     0.0004     -0.6017     0.6017     0.8713     0.8807     0.6667     0.7368     0.6667     0.7368     0.2006     0.1583
125     -0.0047     -0.6192     0.6192     0.8713     0.8807     0.6667     0.7368     0.6667     0.7368     0.2064     0.1629
126     0.0113     -0.6228     0.6229     0.8824     0.8909     0.6452     0.7179     0.6452     0.7179     0.221     0.1757
127     0.0195     -0.6059     0.6062     0.8713     0.8807     0.6452     0.7179     0.6452     0.7179     0.2151     0.171
128     0.0245     -0.6036     0.6041     0.8824     0.8909     0.6452     0.7179     0.6452     0.7179     0.2144     0.1704
129     0.0182     -0.5906     0.5909     0.8824     0.8909     0.6452     0.7179     0.6452     0.7179     0.2097     0.1667
130     0.0073     -0.6106     0.6107     0.8932     0.9009     0.6452     0.7179     0.6452     0.7179     0.2167     0.1722
131     0.0154     -0.5984     0.5986     0.8932     0.9009     0.6667     0.7368     0.6667     0.7368     0.1995     0.1575
132     0.009     -0.6122     0.6123     0.8824     0.8909     0.6667     0.7368     0.6667     0.7368     0.2041     0.1611
133     0.0191     -0.6032     0.6035     0.8824     0.8909     0.6667     0.7368     0.6667     0.7368     0.2012     0.1588
134     0.0216     -0.5946     0.595     0.8824     0.8909     0.6667     0.7368     0.6667     0.7368     0.1983     0.1566
135     0.0209     -0.6047     0.6051     0.8713     0.8807     0.6667     0.7368     0.6667     0.7368     0.2017     0.1592
136     0.0138     -0.6243     0.6244     0.8824     0.8909     0.6667     0.7368     0.6667     0.7368     0.2081     0.1643
137     0.0149     -0.6107     0.6108     0.8932     0.9009     0.6667     0.7368     0.6667     0.7368     0.2036     0.1607
138     0.0141     -0.6199     0.6201     0.8932     0.9009     0.6667     0.7368     0.6667     0.7368     0.2067     0.1632
139     0.0169     -0.6006     0.6009     0.8824     0.8909     0.6667     0.7368     0.6667     0.7368     0.2003     0.1581
140     0.021     -0.6039     0.6043     0.8932     0.9009     0.6667     0.7368     0.6667     0.7368     0.2014     0.159
141     0.021     -0.5921     0.5925     0.8932     0.9009     0.7097     0.7692     0.7097     0.7692     0.172     0.1367
142     0.024     -0.6092     0.6097     0.8824     0.8909     0.6875     0.75     0.6875     0.75     0.1905     0.1524
143     0.0368     -0.6261     0.6272     0.8824     0.8909     0.6875     0.75     0.6875     0.75     0.196     0.1568
144     0.0388     -0.6495     0.6507     0.8713     0.8807     0.6875     0.75     0.6875     0.75     0.2033     0.1627
145     0.0292     -0.6468     0.6475     0.8713     0.8807     0.6875     0.75     0.6875     0.75     0.2023     0.1619
146     0.0397     -0.6358     0.6371     0.8824     0.8909     0.6875     0.75     0.6875     0.75     0.1991     0.1593
147     0.0516     -0.6476     0.6497     0.86     0.8704     0.6875     0.75     0.6875     0.75     0.203     0.1624
148     0.0371     -0.6575     0.6585     0.8824     0.8909     0.6875     0.75     0.6875     0.75     0.2058     0.1646
149     0.0277     -0.6557     0.6563     0.8824     0.8909     0.6875     0.75     0.6875     0.75     0.2051     0.1641
150     0.0343     -0.6658     0.6667     0.8824     0.8909     0.6875     0.75     0.6875     0.75     0.2083     0.1667
151     0.0376     -0.6632     0.6643     0.8824     0.8909     0.6875     0.75     0.6875     0.75     0.2076     0.1661
152     0.0428     -0.6522     0.6536     0.8824     0.8909     0.6875     0.75     0.6875     0.75     0.2042     0.1634
153     0.0393     -0.6619     0.6631     0.8713     0.8807     0.6875     0.75     0.6875     0.75     0.2072     0.1658
154     0.0306     -0.6863     0.687     0.8317     0.844     0.6875     0.75     0.5     0.55     0.2147     0.1717
155     0.0313     -0.6696     0.6703     0.8713     0.8807     0.6452     0.7179     0.6452     0.7179     0.2379     0.1891
156     0.0327     -0.6787     0.6795     0.8317     0.844     0.6452     0.7179     0.4516     0.5128     0.2411     0.1917
157     0.0252     -0.6704     0.6709     0.8713     0.8807     0.6452     0.7179     0.6452     0.7179     0.2381     0.1892
158     0.0393     -0.6595     0.6606     0.8824     0.8909     0.6452     0.7179     0.6452     0.7179     0.2344     0.1863
159     0.0418     -0.6705     0.6718     0.8713     0.8807     0.6452     0.7179     0.6452     0.7179     0.2384     0.1895
160     0.0375     -0.6746     0.6756     0.8713     0.8807     0.6452     0.7179     0.6452     0.7179     0.2397     0.1906
161     0.0426     -0.6673     0.6686     0.8713     0.8807     0.6452     0.7179     0.6452     0.7179     0.2373     0.1886
162     0.0506     -0.6723     0.6742     0.8713     0.8807     0.6452     0.7179     0.6452     0.7179     0.2392     0.1902
163     0.0439     -0.6797     0.6811     0.8317     0.844     0.6875     0.75     0.5     0.55     0.2128     0.1703
164     0.0496     -0.6827     0.6845     0.8317     0.844     0.6875     0.75     0.5     0.55     0.2139     0.1711
165     0.0496     -0.6793     0.6811     0.8317     0.844     0.6875     0.75     0.5     0.55     0.2129     0.1703
166     0.0528     -0.6817     0.6837     0.8317     0.844     0.6875     0.75     0.5     0.55     0.2137     0.1709
167     0.047     -0.689     0.6906     0.8317     0.844     0.6452     0.7179     0.4516     0.5128     0.245     0.1948
168     0.0526     -0.6875     0.6895     0.8317     0.844     0.6452     0.7179     0.4516     0.5128     0.2447     0.1945
169     0.0478     -0.6929     0.6945     0.8317     0.844     0.6452     0.7179     0.4516     0.5128     0.2465     0.1959
170     0.0455     -0.6893     0.6908     0.8317     0.844     0.6452     0.7179     0.4516     0.5128     0.2451     0.1948
171     0.0442     -0.6823     0.6838     0.8317     0.844     0.6452     0.7179     0.4516     0.5128     0.2426     0.1929
172     0.0492     -0.6786     0.6804     0.8235     0.8364     0.6452     0.7179     0.4516     0.5128     0.2414     0.1919
173     -1.0     -1.0     -1.0     -1.0     -1.0     0.6452     0.7179     -1.0     -1.0     -0.3548     -0.2821
174     -1.0     -1.0     -1.0     -1.0     -1.0     0.6452     0.7179     -1.0     -1.0     -0.3548     -0.2821
175     -1.0     -1.0     -1.0     -1.0     -1.0     0.6452     0.7179     -1.0     -1.0     -0.3548     -0.2821
176     -1.0     -1.0     -1.0     -1.0     -1.0     0.6452     0.7179     -1.0     -1.0     -0.3548     -0.2821
177     -1.0     -1.0     -1.0     -1.0     -1.0     0.6452     0.7179     -1.0     -1.0     -0.3548     -0.2821
178     -1.0     -1.0     -1.0     -1.0     -1.0     0.6875     0.75     -1.0     -1.0     -0.3125     -0.25
179     -1.0     -1.0     -1.0     -1.0     -1.0     0.6875     0.75     -1.0     -1.0     -0.3125     -0.25
180     -1.0     -1.0     -1.0     -1.0     -1.0     0.6875     0.75     -1.0     -1.0     -0.3125     -0.25
181     -1.0     -1.0     -1.0     -1.0     -1.0     0.6875     0.75     -1.0     -1.0     -0.3125     -0.25
182     -1.0     -1.0     -1.0     -1.0     -1.0     0.7097     0.7692     -1.0     -1.0     -0.2903     -0.2308
183     -1.0     -1.0     -1.0     -1.0     -1.0     0.6667     0.7368     -1.0     -1.0     -0.3333     -0.2632
184     -1.0     -1.0     -1.0     -1.0     -1.0     0.6667     0.7368     -1.0     -1.0     -0.3333     -0.2632
185     -1.0     -1.0     -1.0     -1.0     -1.0     0.6667     0.7368     -1.0     -1.0     -0.3333     -0.2632
186     -1.0     -1.0     -1.0     -1.0     -1.0     0.6667     0.7368     -1.0     -1.0     -0.3333     -0.2632
187     -1.0     -1.0     -1.0     -1.0     -1.0     0.6667     0.7368     -1.0     -1.0     -0.3333     -0.2632
188     -1.0     -1.0     -1.0     -1.0     -1.0     0.6667     0.7368     -1.0     -1.0     -0.3333     -0.2632
189     -1.0     -1.0     -1.0     -1.0     -1.0     0.6667     0.7368     -1.0     -1.0     -0.3333     -0.2632
190     -1.0     -1.0     -1.0     -1.0     -1.0     0.6667     0.7368     -1.0     -1.0     -0.3333     -0.2632
191     -1.0     -1.0     -1.0     -1.0     -1.0     0.6667     0.7368     -1.0     -1.0     -0.3333     -0.2632
192     -1.0     -1.0     -1.0     -1.0     -1.0     0.6667     0.7368     -1.0     -1.0     -0.3333     -0.2632
193     -1.0     -1.0     -1.0     -1.0     -1.0     0.6897     0.7568     -1.0     -1.0     -0.3103     -0.2432
194     0.064     -0.7011     0.704     0.8431     0.8545     0.7333     0.7895     0.5333     0.5789     0.1877     0.1482
195     0.0628     -0.6952     0.6981     0.8317     0.844     0.7333     0.7895     0.5333     0.5789     0.1862     0.147
196     0.0641     -0.6907     0.6936     0.84     0.8519     0.7333     0.7895     0.5333     0.5789     0.185     0.146
197     0.0673     -0.6806     0.6839     0.84     0.8519     0.7333     0.7895     0.5333     0.5789     0.1824     0.144
198     0.0692     -0.6762     0.6798     0.84     0.8519     0.7333     0.7895     0.5333     0.5789     0.1813     0.1431
199     0.0737     -0.6731     0.6771     0.84     0.8519     0.7333     0.7895     0.5333     0.5789     0.1806     0.1426
200     0.0794     -0.6782     0.6829     0.84     0.8519     0.7333     0.7895     0.5333     0.5789     0.1821     0.1438
201     0.0832     -0.6816     0.6866     0.84     0.8519     0.7333     0.7895     0.5333     0.5789     0.1831     0.1446
202     0.0858     -0.6846     0.6899     0.84     0.8519     0.7333     0.7895     0.5333     0.5789     0.184     0.1452
203     0.0916     -0.6749     0.6811     0.84     0.8519     0.7333     0.7895     0.5333     0.5789     0.1816     0.1434
204     0.0949     -0.6742     0.6808     0.84     0.8519     0.7333     0.7895     0.5333     0.5789     0.1816     0.1433
205     0.0967     -0.6747     0.6816     0.84     0.8519     0.7333     0.7895     0.5333     0.5789     0.1818     0.1435
206     0.0963     -0.6719     0.6788     0.84     0.8519     0.7333     0.7895     0.5333     0.5789     0.181     0.1429
207     0.0907     -0.6751     0.6811     0.84     0.8519     0.6897     0.7568     0.4828     0.5405     0.2114     0.1657
208     0.0941     -0.6731     0.6797     0.84     0.8519     0.6897     0.7568     0.4828     0.5405     0.2109     0.1653
209     0.0934     -0.6669     0.6734     0.84     0.8519     0.6897     0.7568     0.4828     0.5405     0.209     0.1638
210     0.0955     -0.6612     0.668     0.84     0.8519     0.6897     0.7568     0.4828     0.5405     0.2073     0.1625
211     0.0883     -0.6618     0.6677     0.84     0.8519     0.6897     0.7568     0.4828     0.5405     0.2072     0.1624
212     0.0911     -0.6755     0.6816     0.84     0.8519     0.6897     0.7568     0.4828     0.5405     0.2115     0.1658
213     0.0888     -0.6705     0.6763     0.8515     0.8624     0.6897     0.7568     0.4828     0.5405     0.2099     0.1645
214     0.0768     -0.6667     0.6711     0.84     0.8519     0.7333     0.7895     0.5333     0.5789     0.179     0.1413
215     0.0875     -0.6573     0.6631     0.84     0.8519     0.7333     0.7895     0.5333     0.5789     0.1768     0.1396
216     0.0838     -0.6452     0.6506     0.84     0.8519     0.7333     0.7895     0.5333     0.5789     0.1735     0.137
217     0.0901     -0.6501     0.6563     0.84     0.8519     0.7333     0.7895     0.5333     0.5789     0.175     0.1382
218     0.0934     -0.6409     0.6477     0.8515     0.8624     0.7333     0.7895     0.5333     0.5789     0.1727     0.1364
219     0.0917     -0.6322     0.6388     0.84     0.8519     0.7333     0.7895     0.5333     0.5789     0.1703     0.1345
220     0.0967     -0.6506     0.6577     0.8515     0.8624     0.7333     0.7895     0.5333     0.5789     0.1754     0.1385
221     0.0953     -0.6566     0.6635     0.8515     0.8624     0.7333     0.7895     0.5333     0.5789     0.1769     0.1397
222     0.1052     -0.6513     0.6598     0.8515     0.8624     0.6897     0.7568     0.4828     0.5405     0.2048     0.1605
223     0.1101     -0.6516     0.6608     0.8515     0.8624     0.6897     0.7568     0.4828     0.5405     0.2051     0.1607
224     0.105     -0.66     0.6683     0.8515     0.8624     0.6897     0.7568     0.4828     0.5405     0.2074     0.1626
225     0.0991     -0.6648     0.6721     0.8515     0.8624     0.6897     0.7568     0.4828     0.5405     0.2086     0.1635
226     0.1029     -0.6505     0.6586     0.8515     0.8624     0.6897     0.7568     0.4828     0.5405     0.2044     0.1602
227     0.1021     -0.6456     0.6536     0.8515     0.8624     0.6897     0.7568     0.4828     0.5405     0.2028     0.159
228     0.0853     -0.6404     0.6461     0.8515     0.8624     0.6897     0.7568     0.4828     0.5405     0.2005     0.1571
229     0.0862     -0.6268     0.6327     0.8515     0.8624     0.7333     0.7895     0.5333     0.5789     0.1687     0.1332
230     0.0851     -0.6188     0.6246     0.84     0.8519     0.7333     0.7895     0.5333     0.5789     0.1666     0.1315
231     0.0925     -0.6409     0.6475     0.8515     0.8624     0.7333     0.7895     0.5333     0.5789     0.1727     0.1363
232     0.104     -0.6092     0.618     0.8515     0.8624     0.7333     0.7895     0.5333     0.5789     0.1648     0.1301
233     0.1023     -0.605     0.6135     0.8515     0.8624     0.7333     0.7895     0.5333     0.5789     0.1636     0.1292
234     0.1058     -0.5991     0.6083     0.8515     0.8624     0.7333     0.7895     0.5333     0.5789     0.1622     0.1281
235     0.1008     -0.5982     0.6067     0.8515     0.8624     0.7333     0.7895     0.5333     0.5789     0.1618     0.1277
236     0.1017     -0.5582     0.5674     0.8515     0.8624     0.7333     0.7895     0.5333     0.5789     0.1513     0.1195
237     0.1067     -0.5377     0.5482     0.8515     0.8624     0.7857     0.7778     0.5714     0.6111     0.1175     0.1218
238     0.1122     -0.5358     0.5474     0.8515     0.8624     0.7857     0.7778     0.5714     0.6111     0.1173     0.1216
239     0.1199     -0.5414     0.5545     0.8515     0.8624     0.7857     0.7778     0.5714     0.6111     0.1188     0.1232
240     0.13     -0.5279     0.5437     0.8515     0.8624     0.7586     0.8108     0.6207     0.6486     0.1312     0.1029
241     0.1305     -0.5032     0.5199     0.8515     0.8624     0.7586     0.8108     0.6207     0.6486     0.1255     0.0984
242     0.1391     -0.4774     0.4973     0.8515     0.8624     0.7586     0.8108     0.6207     0.6486     0.12     0.0941
243     0.1278     -0.4546     0.4723     0.8515     0.8624     0.7586     0.8108     0.6207     0.6486     0.114     0.0893
244     0.1186     -0.4332     0.4491     0.8515     0.8624     0.7586     0.8108     0.6207     0.6486     0.1084     0.085
245     0.1137     -0.4086     0.4241     0.8515     0.8624     0.8     0.8421     0.6667     0.6842     0.0848     0.067
246     0.1254     -0.3672     0.388     0.8515     0.8624     0.8     0.8421     0.6667     0.6842     0.0776     0.0613
247     0.1309     -0.3519     0.3755     0.8515     0.8624     0.8     0.8421     0.6667     0.6842     0.0751     0.0593
248     0.1362     -0.3404     0.3667     0.8515     0.8624     0.8     0.8421     0.6667     0.6842     0.0733     0.0579
249     0.1373     -0.3492     0.3752     0.8515     0.8624     0.8     0.8421     0.6667     0.6842     0.075     0.0592
250     0.1344     -0.3338     0.3598     0.8515     0.8624     0.8     0.8421     0.6667     0.6842     0.072     0.0568
251     0.1361     -0.3427     0.3688     0.8515     0.8624     0.8     0.8421     0.6667     0.6842     0.0738     0.0582
252     0.1315     -0.3372     0.362     0.8515     0.8624     0.8     0.8421     0.6667     0.6842     0.0724     0.0572
253     0.1176     -0.3511     0.3703     0.8515     0.8624     0.8     0.8421     0.6667     0.6842     0.0741     0.0585
254     0.1229     -0.3534     0.3742     0.8515     0.8624     0.8     0.8421     0.6667     0.6842     0.0748     0.0591
255     0.1159     -0.3897     0.4066     0.8515     0.8624     0.8     0.8421     0.6667     0.6842     0.0813     0.0642
256     0.1129     -0.3987     0.4144     0.8515     0.8624     0.8     0.8421     0.6667     0.6842     0.0829     0.0654
257     0.1227     -0.4073     0.4254     0.8515     0.8624     0.8     0.8421     0.6667     0.6842     0.0851     0.0672
258     0.1289     -0.4498     0.4679     0.8515     0.8624     0.8     0.8421     0.6667     0.6842     0.0936     0.0739
259     0.1276     -0.4777     0.4945     0.8515     0.8624     0.7586     0.8108     0.6207     0.6486     0.1194     0.0935
260     0.1321     -0.4785     0.4964     0.8515     0.8624     0.7586     0.8108     0.6207     0.6486     0.1198     0.0939
261     0.1376     -0.4674     0.4872     0.8515     0.8624     0.8     0.8421     0.6667     0.6842     0.0974     0.0769
262     0.1364     -0.4948     0.5132     0.8515     0.8624     0.8     0.8421     0.6667     0.6842     0.1026     0.081
263     0.1344     -0.4982     0.516     0.8515     0.8624     0.8     0.8421     0.6667     0.6842     0.1032     0.0815
264     0.1456     -0.5004     0.5211     0.8515     0.8624     0.8     0.8421     0.6667     0.6842     0.1042     0.0823
265     0.1384     -0.4938     0.5129     0.8515     0.8624     0.8     0.8421     0.6667     0.6842     0.1026     0.081
266     0.1325     -0.5172     0.5339     0.8515     0.8624     0.8     0.8421     0.6667     0.6842     0.1068     0.0843
267     0.1344     -0.5337     0.5504     0.8515     0.8624     0.8     0.8421     0.6667     0.6842     0.1101     0.0869
268     0.1236     -0.5361     0.5501     0.8515     0.8624     0.8     0.8421     0.6667     0.6842     0.11     0.0869
269     0.1336     -0.532     0.5485     0.8515     0.8624     0.8     0.8421     0.6667     0.6842     0.1097     0.0866
270     0.1155     -0.5615     0.5733     0.8515     0.8624     0.8     0.8421     0.6667     0.6842     0.1147     0.0905
271     0.1081     -0.5803     0.5903     0.8515     0.8624     0.7586     0.8108     0.6207     0.6486     0.1425     0.1117
272     0.1154     -0.5601     0.5718     0.8515     0.8624     0.7586     0.8108     0.6207     0.6486     0.138     0.1082
273     0.1173     -0.572     0.5839     0.8515     0.8624     0.7586     0.8108     0.6207     0.6486     0.141     0.1105
274     0.0998     -0.5896     0.598     0.8515     0.8624     0.7586     0.8108     0.6207     0.6486     0.1444     0.1131
275     0.0967     -0.6015     0.6093     0.8515     0.8624     0.7857     0.7778     0.5714     0.6111     0.1306     0.1354
276     0.0982     -0.6317     0.6393     0.8515     0.8624     0.7407     0.7429     0.5185     0.5714     0.1657     0.1644
277     0.0961     -0.6312     0.6385     0.8515     0.8624     0.7407     0.7429     0.5185     0.5714     0.1655     0.1642
278     0.1108     -0.642     0.6515     0.8515     0.8624     0.7407     0.7429     0.5185     0.5714     0.1689     0.1675
279     0.1123     -0.6549     0.6645     0.8515     0.8624     0.7407     0.7429     0.5185     0.5714     0.1723     0.1709
280     0.1034     -0.6277     0.6361     0.8515     0.8624     0.7407     0.7429     0.5185     0.5714     0.1649     0.1636
281     0.1008     -0.6161     0.6243     0.8515     0.8624     0.8     0.8421     0.6667     0.6842     0.1249     0.0986
282     0.0989     -0.5829     0.5912     0.8515     0.8624     0.8     0.8421     0.6667     0.6842     0.1182     0.0933
283     0.109     -0.5354     0.5464     0.8515     0.8624     0.8     0.8421     0.6667     0.6842     0.1093     0.0863
284     0.1106     -0.4986     0.5107     0.8515     0.8624     0.8     0.8421     0.6667     0.6842     0.1021     0.0806
285     0.0967     -0.4878     0.4973     0.8515     0.8624     0.8     0.8421     0.6667     0.6842     0.0995     0.0785
286     0.0915     -0.4764     0.4851     0.8515     0.8624     0.8     0.8421     0.6667     0.6842     0.097     0.0766
287     0.0977     -0.4824     0.4922     0.8515     0.8624     0.8     0.8421     0.6667     0.6842     0.0984     0.0777
288     0.1035     -0.5067     0.5172     0.8515     0.8624     0.8     0.8421     0.6667     0.6842     0.1034     0.0817
289     0.0983     -0.5244     0.5335     0.8515     0.8624     0.8     0.8421     0.6667     0.6842     0.1067     0.0842
290     0.0971     -0.5227     0.5316     0.8515     0.8624     0.8     0.8421     0.6667     0.6842     0.1063     0.0839
291     0.0844     -0.5447     0.5512     0.8515     0.8624     0.8     0.8421     0.6667     0.6842     0.1102     0.087
292     0.0892     -0.5666     0.5736     0.8515     0.8624     0.8     0.8421     0.6667     0.6842     0.1147     0.0906
293     0.0974     -0.5868     0.5948     0.8515     0.8624     0.8     0.8421     0.6667     0.6842     0.119     0.0939
294     0.0806     -0.6182     0.6234     0.8515     0.8624     0.8     0.8421     0.6667     0.6842     0.1247     0.0984
295     0.0859     -0.6362     0.642     0.8515     0.8624     0.7407     0.7429     0.5185     0.5714     0.1664     0.1651
296     0.0882     -0.6197     0.6259     0.8515     0.8624     0.7407     0.7429     0.5185     0.5714     0.1623     0.161
297     0.0938     -0.6348     0.6417     0.8515     0.8624     0.7407     0.7429     0.5185     0.5714     0.1664     0.165
298     0.0928     -0.6775     0.6838     0.8515     0.8624     0.7407     0.7429     0.5185     0.5714     0.1773     0.1758
299     0.1128     -0.707     0.7159     0.8515     0.8624     0.6667     0.625     0.4167     0.4375     0.2386     0.2685
300     0.1597     -0.7476     0.7644     0.8515     0.8624     0.6667     0.625     0.4167     0.4375     0.2548     0.2867
301     0.2093     -0.9203     0.9438     0.8515     0.8624     0.6957     0.6452     0.4348     0.4516     0.2872     0.3349
302     0.3196     -1.1111     1.1562     0.8515     0.8624     0.5     0.5     0.3     0.2857     0.5781     0.5781
303     0.3327     -1.2895     1.3317     0.8515     0.8624     0.6316     0.4444     0.3158     0.2963     0.4906     0.7398
304     0.3844     -1.7621     1.8035     0.8515     0.8624     0.4706     0.32     0.1176     0.16     0.9548     1.2264
305     0.5172     -2.1407     2.2023     0.8515     0.8624     0.2667     0.1739     0.0     0.0     1.615     1.8193
306     0.604     -2.1377     2.2214     0.8515     0.8624     0.2667     0.1739     0.0     0.0     1.629     1.835
307     0.3862     -2.1219     2.1568     0.8515     0.8624     0.2667     0.1739     0.0     0.0     1.5816     1.7817
308     0.3484     -2.1277     2.156     0.8515     0.8624     0.375     0.25     0.125     0.0833     1.3475     1.617
309     0.3395     -1.9778     2.0068     0.8515     0.8624     0.4706     0.32     0.1176     0.16     1.0624     1.3646
310     0.2899     -1.9037     1.9257     0.8515     0.8624     0.4444     0.3846     0.1111     0.1538     1.0698     1.185
311     0.2136     -1.8685     1.8807     0.8515     0.8624     0.4444     0.3846     0.1111     0.1538     1.0448     1.1573
312     0.1743     -1.8443     1.8525     0.8515     0.8624     0.4444     0.3846     0.1111     0.1538     1.0292     1.14
313     0.1588     -1.6992     1.7066     0.8515     0.8624     0.6667     0.5517     0.2857     0.2759     0.5689     0.765
314     0.1345     -1.4437     1.45     0.8515     0.8624     0.6667     0.5517     0.2857     0.2759     0.4833     0.65
315     0.0953     -1.2254     1.2291     0.8515     0.8624     0.6667     0.6875     0.4167     0.4375     0.4097     0.3841
316     0.0717     -0.9946     0.9972     0.8515     0.8624     0.6667     0.625     0.4167     0.4375     0.3324     0.3739
317     0.066     -0.8398     0.8424     0.8515     0.8624     0.7407     0.7429     0.5185     0.5714     0.2184     0.2166
318     0.0627     -0.731     0.7336     0.8515     0.8624     0.7407     0.7429     0.5185     0.5714     0.1902     0.1887
319     0.0755     -0.6055     0.6102     0.8515     0.8624     0.7586     0.8108     0.6207     0.6486     0.1473     0.1154
320     0.091     -0.547     0.5545     0.8515     0.8624     0.7586     0.8108     0.6207     0.6486     0.1338     0.1049
321     0.094     -0.5219     0.5303     0.8515     0.8624     0.8     0.8421     0.6667     0.6842     0.1061     0.0837
322     0.0831     -0.4673     0.4746     0.8627     0.8727     0.8     0.8421     0.6667     0.6842     0.0949     0.0749
323     0.0812     -0.4498     0.4571     0.8515     0.8624     0.8     0.8421     0.6667     0.6842     0.0914     0.0722
324     0.085     -0.3886     0.3978     0.8515     0.8624     0.8     0.8421     0.6667     0.6842     0.0796     0.0628
325     0.1047     -0.362     0.3769     0.8515     0.8624     0.8     0.8421     0.6667     0.6842     0.0754     0.0595
326     0.0984     -0.3616     0.3747     0.8515     0.8624     0.8     0.8421     0.6667     0.6842     0.0749     0.0592
327     0.0967     -0.3664     0.379     0.8515     0.8624     0.8     0.8421     0.6667     0.6842     0.0758     0.0598
328     0.0979     -0.3623     0.3753     0.8515     0.8624     0.7742     0.8205     0.6452     0.7179     0.0847     0.0674
329     0.0944     -0.3389     0.3517     0.8515     0.8624     0.7742     0.8205     0.6452     0.7179     0.0794     0.0631
330     0.0885     -0.334     0.3455     0.8515     0.8624     0.7742     0.8205     0.6452     0.7179     0.078     0.062
331     0.0893     -0.3292     0.3411     0.8515     0.8624     0.7742     0.8205     0.6452     0.7179     0.077     0.0612
332     0.0843     -0.3246     0.3353     0.8515     0.8624     0.7742     0.8205     0.6452     0.7179     0.0757     0.0602
333     0.1129     -0.3038     0.3241     0.8515     0.8624     0.7742     0.8205     0.6452     0.7179     0.0732     0.0582
334     0.1046     -0.3054     0.3229     0.8515     0.8624     0.7742     0.8205     0.6452     0.7179     0.0729     0.0579
335     0.0998     -0.3159     0.3313     0.8627     0.8727     0.7742     0.8205     0.6452     0.7179     0.0748     0.0595
336     0.1086     -0.3425     0.3593     0.8515     0.8624     0.7742     0.8205     0.6452     0.7179     0.0811     0.0645
337     0.1123     -0.3272     0.346     0.8515     0.8624     0.8     0.8421     0.6667     0.6842     0.0692     0.0546
338     0.1127     -0.3176     0.337     0.8515     0.8624     0.8     0.8421     0.6667     0.6842     0.0674     0.0532
339     0.1094     -0.3265     0.3443     0.8515     0.8624     0.8     0.8421     0.6667     0.6842     0.0689     0.0544
340     0.1092     -0.322     0.34     0.8515     0.8624     0.8     0.8421     0.6667     0.6842     0.068     0.0537
341     0.1017     -0.3059     0.3224     0.8515     0.8624     0.7742     0.8205     0.6452     0.7179     0.0728     0.0579
342     0.1161     -0.28     0.3032     0.8627     0.8727     0.7742     0.8205     0.6452     0.7179     0.0685     0.0544
343     0.1129     -0.2683     0.291     0.8515     0.8624     0.7742     0.8205     0.6452     0.7179     0.0657     0.0522
344     0.1031     -0.2532     0.2734     0.8627     0.8727     0.7742     0.8205     0.6452     0.7179     0.0617     0.0491
345     0.1046     -0.2499     0.2709     0.8515     0.8624     0.7742     0.8205     0.6452     0.7179     0.0612     0.0486
346     0.1079     -0.2497     0.272     0.8515     0.8624     0.7742     0.8205     0.6452     0.7179     0.0614     0.0488
347     0.1067     -0.2628     0.2836     0.8627     0.8727     0.7742     0.8205     0.6452     0.7179     0.064     0.0509
348     0.0862     -0.2676     0.2812     0.8627     0.8727     0.7742     0.8205     0.6452     0.7179     0.0635     0.0505
349     0.085     -0.2417     0.2562     0.8627     0.8727     0.7742     0.8205     0.6452     0.7179     0.0578     0.046
350     0.0925     -0.2454     0.2622     0.8627     0.8727     0.7742     0.8205     0.6452     0.7179     0.0592     0.0471
351     0.0948     -0.2636     0.2802     0.8515     0.8624     0.7742     0.8205     0.6452     0.7179     0.0633     0.0503
352     0.0853     -0.2606     0.2742     0.8515     0.8624     0.7742     0.8205     0.6452     0.7179     0.0619     0.0492
353     0.104     -0.2525     0.2731     0.8515     0.8624     0.7742     0.8205     0.6452     0.7179     0.0617     0.049
354     0.1054     -0.2666     0.2866     0.8627     0.8727     0.7742     0.8205     0.6452     0.7179     0.0647     0.0514
355     0.0966     -0.2714     0.2881     0.8627     0.8727     0.7742     0.8205     0.6452     0.7179     0.0651     0.0517
356     0.1156     -0.2478     0.2734     0.8627     0.8727     0.7742     0.8205     0.6452     0.7179     0.0617     0.0491
357     0.1182     -0.2228     0.2522     0.8627     0.8727     0.7742     0.8205     0.6452     0.7179     0.057     0.0453
358     0.1089     -0.2345     0.2586     0.8627     0.8727     0.7742     0.8205     0.6452     0.7179     0.0584     0.0464
359     0.1004     -0.2445     0.2643     0.8627     0.8727     0.7742     0.8205     0.6452     0.7179     0.0597     0.0474
360     0.0973     -0.2349     0.2542     0.8627     0.8727     0.7742     0.8205     0.6452     0.7179     0.0574     0.0456
361     0.0911     -0.2346     0.2516     0.8627     0.8727     0.7742     0.8205     0.6452     0.7179     0.0568     0.0452
362     0.1029     -0.2133     0.2368     0.8627     0.8727     0.6452     0.7179     0.6452     0.7179     0.084     0.0668
363     0.1069     -0.2165     0.2414     0.8627     0.8727     0.6452     0.7179     0.6452     0.7179     0.0857     0.0681
364     0.1094     -0.2101     0.2369     0.8515     0.8624     0.6452     0.7179     0.6452     0.7179     0.0841     0.0668
365     0.1057     -0.2207     0.2447     0.8515     0.8624     0.6452     0.7179     0.6452     0.7179     0.0868     0.069
366     0.1041     -0.2339     0.2561     0.8627     0.8727     0.6452     0.7179     0.6452     0.7179     0.0909     0.0722
367     0.1002     -0.2503     0.2696     0.8627     0.8727     0.6452     0.7179     0.6452     0.7179     0.0957     0.0761
368     0.0885     -0.2387     0.2546     0.8627     0.8727     0.8     0.8421     0.6667     0.6842     0.0509     0.0402
369     0.0797     -0.2279     0.2414     0.8627     0.8727     0.8     0.8421     0.6667     0.6842     0.0483     0.0381
370     0.0934     -0.2436     0.2609     0.8515     0.8624     0.8     0.8421     0.6667     0.6842     0.0522     0.0412
371     0.098     -0.2433     0.2623     0.8627     0.8727     0.8     0.8421     0.6667     0.6842     0.0525     0.0414
372     0.1029     -0.2555     0.2755     0.8627     0.8727     0.8     0.8421     0.6667     0.6842     0.0551     0.0435
373     0.0973     -0.2485     0.2668     0.8627     0.8727     0.8     0.8421     0.6667     0.6842     0.0534     0.0421
374     0.0984     -0.2522     0.2708     0.8627     0.8727     0.6667     0.6842     0.6667     0.6842     0.0903     0.0855
375     0.111     -0.2455     0.2694     0.8627     0.8727     0.6667     0.6842     0.6667     0.6842     0.0898     0.0851
376     0.1011     -0.2212     0.2432     0.8627     0.8727     0.6667     0.6842     0.6667     0.6842     0.0811     0.0768
377     0.0912     -0.229     0.2465     0.8627     0.8727     0.6667     0.6842     0.6667     0.6842     0.0822     0.0778
378     0.0949     -0.1986     0.2201     0.8627     0.8727     0.6667     0.6842     0.6667     0.6842     0.0734     0.0695
379     0.1041     -0.1887     0.2155     0.8627     0.8727     0.6897     0.7027     0.6897     0.7027     0.0669     0.0641
380     0.0922     -0.2031     0.2231     0.8713     0.8807     0.6897     0.7027     0.6897     0.7027     0.0692     0.0663
381     0.0967     -0.2136     0.2345     0.8713     0.8807     0.6897     0.7027     0.6897     0.7027     0.0728     0.0697
382     0.1068     -0.1992     0.226     0.8627     0.8727     0.6897     0.7027     0.6897     0.7027     0.0701     0.0672
383     0.0948     -0.2192     0.2388     0.8627     0.8727     0.6897     0.7027     0.6897     0.7027     0.0741     0.071
384     0.0975     -0.2354     0.2548     0.8627     0.8727     0.6897     0.7027     0.6897     0.7027     0.0791     0.0757
385     0.0953     -0.2633     0.28     0.8627     0.8727     0.6897     0.7027     0.6897     0.7027     0.0869     0.0833
386     0.0959     -0.2452     0.2633     0.8738     0.8829     0.6897     0.7027     0.6897     0.7027     0.0817     0.0783
387     0.0852     -0.2672     0.2805     0.8627     0.8727     0.6897     0.7027     0.6897     0.7027     0.087     0.0834
388     0.1009     -0.237     0.2576     0.8627     0.8727     0.6897     0.7027     0.6897     0.7027     0.0799     0.0766
389     0.1087     -0.2657     0.2871     0.8627     0.8727     0.6897     0.7027     0.6897     0.7027     0.0891     0.0853
390     0.0901     -0.256     0.2714     0.8738     0.8829     0.6897     0.7027     0.6897     0.7027     0.0842     0.0807
391     0.1059     -0.2505     0.2719     0.8627     0.8727     0.6897     0.7027     0.6897     0.7027     0.0844     0.0808
392     0.1003     -0.2547     0.2737     0.8738     0.8829     0.6897     0.7027     0.6897     0.7027     0.0849     0.0814
393     0.0968     -0.2465     0.2648     0.8738     0.8829     0.6897     0.7027     0.6897     0.7027     0.0822     0.0787
394     0.1062     -0.2561     0.2772     0.8738     0.8829     0.6897     0.7027     0.6897     0.7027     0.086     0.0824
395     0.1135     -0.2396     0.2652     0.8627     0.8727     0.6897     0.7027     0.6897     0.7027     0.0823     0.0788
