# 2017-01-13 18:03:14.757318
# CT_x100
#  path: ../data_final/CT_x100/
#  thresholds: -457.4, 329.0
#  dc-average: 0.99 (radius = 4)
#  dc-average (opti): 0.99 (bestRadius: 4.0)
# MR_x100
#  path: ../data_final/MR_x100/
#  thresholds: 707.85, 2095.0
#  dc-average: 0.8977 (radius = 2)
#  dc-average (opti): 0.9247 (bestRadius: 2.12)
#  dc-average (CT-COM): 0.783
#  dc-average (CT-COM, opti): 0.7872
# 
# sliceNr  warp_X  warp_Y  warpMagnitude  dc_CT  dc_CT_opti  dc_MR  dc_MR_opti  dc_MR_CT-COM  dc_MR_opti_CT-COM
  0     -0.1119     -1.0929     1.0986     0.9942     0.9942     0.9411     0.8619     0.6403     0.6427
  1     -0.1283     -1.0923     1.0999     0.9932     0.9932     0.9438     0.8669     0.6453     0.6474
  2     -0.1356     -1.091     1.0994     0.9922     0.9922     0.949     0.8744     0.6502     0.652
  3     -0.1537     -1.0799     1.0908     0.9942     0.9942     0.9466     0.8821     0.6564     0.6585
  4     -0.156     -1.0468     1.0584     0.9937     0.9937     0.9492     0.887     0.6604     0.663
  5     -0.1735     -1.0494     1.0636     0.9921     0.9921     0.9543     0.8949     0.663     0.6662
  6     -0.1644     -1.0258     1.0389     0.9914     0.9914     0.9515     0.9012     0.669     0.6718
  7     -0.1893     -1.0156     1.0331     0.9927     0.9927     0.9493     0.9044     0.6692     0.6727
  8     -0.1766     -1.0155     1.0307     0.9908     0.9908     0.946     0.9071     0.6713     0.6746
  9     -0.1935     -1.0331     1.0511     0.9836     0.9836     0.9434     0.9098     0.6464     0.6505
 10     -0.2003     -1.0091     1.0288     0.9902     0.9902     0.9413     0.9122     0.6759     0.6775
 11     -0.1928     -1.0222     1.0402     0.985     0.985     0.9398     0.9122     0.6485     0.6518
 12     -0.1983     -1.0171     1.0363     0.986     0.986     0.9396     0.9157     0.6516     0.6547
 13     -0.2133     -1.0169     1.039     0.987     0.987     0.938     0.9198     0.6542     0.6571
 14     -0.2211     -1.0152     1.039     0.9894     0.9894     0.936     0.9223     0.6558     0.6586
 15     -0.2194     -1.0124     1.0359     0.9892     0.9892     0.9365     0.9228     0.6576     0.6603
 16     -0.2145     -1.0006     1.0233     0.9896     0.9896     0.9356     0.9247     0.6599     0.6624
 17     -0.2194     -0.9775     1.0018     0.9918     0.9918     0.9358     0.9278     0.6882     0.6918
 18     -0.2217     -0.9797     1.0044     0.9886     0.9886     0.933     0.9231     0.6629     0.6674
 19     -0.2263     -0.9798     1.0056     0.9889     0.9889     0.9329     0.9265     0.6644     0.6695
 20     -0.2213     -0.9755     1.0003     0.9888     0.9888     0.9343     0.9312     0.6694     0.6741
 21     -0.1962     -0.9855     1.0049     0.9903     0.9903     0.935     0.9352     0.6733     0.6778
 22     -0.1925     -0.9793     0.998     0.9911     0.9911     0.9334     0.9379     0.6782     0.6824
 23     -0.1972     -0.9673     0.9872     0.9908     0.9908     0.9342     0.9399     0.6791     0.6846
 24     -0.1862     -0.9513     0.9694     0.9912     0.9912     0.9348     0.9425     0.6822     0.6882
 25     -0.1796     -0.9465     0.9634     0.9905     0.9905     0.9344     0.9468     0.6853     0.691
 26     -0.1592     -0.9311     0.9446     0.9907     0.9907     0.9332     0.9483     0.6893     0.6948
 27     -0.1534     -0.9041     0.917     0.9894     0.9894     0.934     0.949     0.6946     0.6998
 28     -0.143     -0.9106     0.9218     0.9895     0.9895     0.9358     0.9487     0.6977     0.7027
 29     -0.1268     -0.9174     0.9261     0.9921     0.9921     0.9215     0.9401     0.7027     0.7074
 30     -0.128     -0.9037     0.9127     0.9914     0.9914     0.9248     0.9452     0.7062     0.7121
 31     -0.1237     -0.9051     0.9136     0.9906     0.9906     0.9264     0.9472     0.7088     0.7152
 32     -0.1157     -0.8969     0.9044     0.9912     0.9912     0.9286     0.9499     0.7133     0.7195
 33     -0.1008     -0.8832     0.889     0.99     0.99     0.9288     0.9533     0.7182     0.7241
 34     -0.1128     -0.879     0.8862     0.9922     0.9922     0.9275     0.9568     0.7212     0.7275
 35     -0.115     -0.8682     0.8758     0.9937     0.9937     0.9276     0.9575     0.7251     0.7312
 36     -0.0997     -0.854     0.8598     0.993     0.993     0.9267     0.9585     0.7302     0.7361
 37     -0.1     -0.8373     0.8432     0.9944     0.9944     0.9254     0.9513     0.7349     0.7404
 38     -0.0923     -0.8109     0.8161     0.9936     0.9936     0.9237     0.9557     0.7393     0.7446
 39     -0.1035     -0.8041     0.8107     0.9929     0.9929     0.9225     0.9577     0.7419     0.7477
 40     -0.1119     -0.8039     0.8116     0.993     0.993     0.9232     0.9591     0.7448     0.7504
 41     -0.1057     -0.8133     0.8201     0.9953     0.9953     0.9229     0.9607     0.7473     0.7528
 42     -0.0943     -0.7986     0.8042     0.9926     0.9926     0.9226     0.9604     0.7496     0.7556
 43     -0.1054     -0.786     0.793     0.9938     0.9938     0.9224     0.9621     0.7525     0.759
 44     -0.0991     -0.7794     0.7857     0.992     0.992     0.9228     0.9638     0.7564     0.7634
 45     -0.0899     -0.7465     0.7519     0.9929     0.9929     0.9222     0.9632     0.7582     0.7657
 46     -0.0942     -0.7614     0.7672     0.9926     0.9926     0.9212     0.957     0.7602     0.7676
 47     -0.0826     -0.76     0.7645     0.9915     0.9915     0.9216     0.96     0.7641     0.7713
 48     -0.081     -0.7591     0.7634     0.994     0.994     0.9226     0.9635     0.7679     0.7749
 49     -0.0772     -0.7447     0.7487     0.9925     0.9925     0.9223     0.9652     0.7698     0.7766
 50     -0.0816     -0.7413     0.7458     0.9928     0.9928     0.9221     0.9662     0.7704     0.7772
 51     -0.0765     -0.7323     0.7363     0.9921     0.9921     0.9211     0.9678     0.7724     0.7797
 52     -0.061     -0.7238     0.7264     0.9907     0.9907     0.9214     0.9688     0.7726     0.78
 53     -0.0762     -0.7246     0.7286     0.9923     0.9923     0.9191     0.9692     0.7756     0.7828
 54     -0.0755     -0.7247     0.7286     0.9881     0.9881     0.9175     0.9702     0.7498     0.7578
 55     -0.0727     -0.7048     0.7085     0.991     0.991     0.9156     0.9722     0.7796     0.7866
 56     -0.0899     -0.7225     0.728     0.9889     0.9889     0.9143     0.9729     0.7535     0.7618
 57     -0.0807     -0.6957     0.7004     0.993     0.993     0.9118     0.9717     0.784     0.7913
 58     -0.0773     -0.6881     0.6924     0.9921     0.9921     0.9105     0.9737     0.7864     0.7936
 59     -0.0775     -0.6949     0.6992     0.9896     0.9896     0.9096     0.974     0.7593     0.7679
 60     -0.0703     -0.6936     0.6972     0.9894     0.9894     0.909     0.9618     0.7608     0.77
 61     -0.0783     -0.6919     0.6963     0.9907     0.9907     0.9105     0.9647     0.7628     0.772
 62     -0.0883     -0.6874     0.6931     0.99     0.99     0.9128     0.9668     0.7668     0.7757
 63     -0.0849     -0.6672     0.6726     0.9899     0.9899     0.9137     0.9691     0.7704     0.7798
 64     -0.0744     -0.6513     0.6555     0.9896     0.9896     0.9128     0.9707     0.7737     0.7829
 65     -0.0734     -0.6386     0.6428     0.9909     0.9909     0.9131     0.9723     0.7754     0.7852
 66     -0.0715     -0.6447     0.6487     0.9916     0.9916     0.9128     0.9739     0.7779     0.7875
 67     -0.0559     -0.6565     0.6589     0.9906     0.9906     0.9137     0.9749     0.7787     0.7883
 68     -0.0631     -0.6501     0.6531     0.9924     0.9924     0.914     0.9758     0.7825     0.7918
 69     -0.0678     -0.6393     0.6429     0.9938     0.9938     0.914     0.9765     0.7845     0.7938
 70     -0.0615     -0.6292     0.6321     0.9932     0.9932     0.9169     0.9761     0.7891     0.7982
 71     -0.0689     -0.6172     0.621     0.9938     0.9938     0.9175     0.9663     0.7904     0.7993
 72     -0.0669     -0.6269     0.6304     0.9935     0.9935     0.9185     0.9673     0.7919     0.8008
 73     -0.0619     -0.6216     0.6247     0.9934     0.9934     0.9175     0.9683     0.7932     0.802
 74     -0.0665     -0.6099     0.6135     0.991     0.991     0.9161     0.9592     0.7939     0.8026
 75     -0.0729     -0.6071     0.6115     0.9939     0.9939     0.9149     0.9593     0.7969     0.8055
 76     -0.0763     -0.5926     0.5975     0.9922     0.9922     0.9146     0.9596     0.7989     0.8074
 77     -0.0721     -0.5822     0.5867     0.9944     0.9944     0.914     0.9603     0.8004     0.8088
 78     -0.0741     -0.6004     0.605     0.9942     0.9942     0.913     0.9607     0.8024     0.8107
 79     -0.0815     -0.6077     0.6132     0.995     0.995     0.9127     0.9617     0.8042     0.8124
 80     -0.0692     -0.6023     0.6063     0.9936     0.9936     0.9143     0.9606     0.8063     0.8144
 81     -0.082     -0.5923     0.598     0.9942     0.9942     0.914     0.9622     0.8095     0.8174
 82     -0.0762     -0.5947     0.5995     0.9937     0.9937     0.9133     0.9629     0.8131     0.8208
 83     -0.0699     -0.5943     0.5984     0.9929     0.9929     0.9134     0.9636     0.8146     0.8222
 84     -0.0589     -0.5853     0.5883     0.993     0.993     0.9147     0.9642     0.8164     0.824
 85     -0.0614     -0.583     0.5862     0.9931     0.9931     0.914     0.9635     0.8192     0.8266
 86     -0.0485     -0.6072     0.6091     0.9887     0.9887     0.914     0.9558     0.7921     0.8003
 87     -0.0496     -0.5972     0.5993     0.9891     0.9891     0.9127     0.9565     0.7937     0.8018
 88     -0.0513     -0.5647     0.567     0.9919     0.9919     0.9121     0.9585     0.8245     0.8315
 89     -0.0555     -0.575     0.5777     0.9897     0.9897     0.9124     0.9588     0.7969     0.8049
 90     -0.0511     -0.551     0.5533     0.992     0.992     0.9124     0.9601     0.8289     0.8357
 91     -0.0472     -0.5644     0.5664     0.9898     0.9898     0.9124     0.9601     0.8004     0.8081
 92     -0.0577     -0.5528     0.5558     0.9909     0.9909     0.9128     0.961     0.83     0.8368
 93     -0.0627     -0.5561     0.5596     0.9909     0.9909     0.9124     0.9614     0.8033     0.8109
 94     -0.0572     -0.5555     0.5584     0.9901     0.9901     0.9128     0.9623     0.805     0.8125
 95     -0.0621     -0.5505     0.554     0.9892     0.9892     0.9112     0.9621     0.805     0.8125
 96     -0.0659     -0.5526     0.5565     0.9912     0.9912     0.9115     0.963     0.8074     0.8147
 97     -0.0488     -0.5689     0.571     0.9928     0.9928     0.9112     0.9633     0.8078     0.8151
 98     -0.0598     -0.5748     0.5779     0.9935     0.9935     0.9112     0.964     0.8078     0.8151
 99     -0.0599     -0.5593     0.5625     0.9917     0.9917     0.9105     0.9647     0.8093     0.8165
100     -0.0652     -0.5734     0.5771     0.9922     0.9922     0.9102     0.9631     0.809     0.8162
101     -0.0588     -0.58     0.583     0.9928     0.9928     0.908     0.9628     0.8126     0.8196
102     -0.0561     -0.5693     0.572     0.9931     0.9931     0.9083     0.9618     0.8143     0.8212
103     -0.0508     -0.56     0.5623     0.9944     0.9944     0.9077     0.9619     0.8151     0.822
104     -0.0595     -0.577     0.5801     0.9926     0.9926     0.908     0.9609     0.8167     0.8235
105     -0.0544     -0.5716     0.5742     0.9936     0.9936     0.9065     0.9594     0.8181     0.8248
106     -0.0458     -0.5757     0.5775     0.9933     0.9933     0.9061     0.9584     0.8192     0.8258
107     -0.0513     -0.5709     0.5731     0.9937     0.9937     0.9065     0.9587     0.8195     0.8261
108     -0.0547     -0.5722     0.5748     0.9942     0.9942     0.9058     0.9581     0.8203     0.8269
109     -0.0615     -0.5669     0.5702     0.9927     0.9927     0.9061     0.9578     0.8206     0.8265
110     -0.0564     -0.5713     0.574     0.9929     0.9929     0.9065     0.9574     0.8208     0.8268
111     -0.0459     -0.5797     0.5815     0.9923     0.9923     0.9058     0.9568     0.821     0.8269
112     -0.0512     -0.5752     0.5774     0.9934     0.9934     0.9061     0.9571     0.8213     0.8271
113     -0.0653     -0.5624     0.5662     0.9946     0.9946     0.9068     0.9565     0.8211     0.827
114     -0.0596     -0.5713     0.5744     0.993     0.993     0.9071     0.9561     0.8214     0.8273
115     -0.0541     -0.5577     0.5603     0.9939     0.9939     0.9065     0.9555     0.8222     0.8281
116     -0.0537     -0.5799     0.5824     0.993     0.993     0.9071     0.9549     0.8228     0.8286
117     -0.0521     -0.5785     0.5809     0.9932     0.9932     0.9068     0.9545     0.8239     0.8296
118     -0.0501     -0.5719     0.574     0.9922     0.9922     0.9058     0.951     0.8243     0.83
119     -0.0437     -0.5851     0.5867     0.9873     0.9873     0.9058     0.951     0.796     0.8026
120     -0.0582     -0.5883     0.5911     0.9879     0.9879     0.9064     0.951     0.7952     0.8018
121     -0.0396     -0.5839     0.5852     0.9914     0.9914     0.9061     0.9507     0.8232     0.829
122     -0.0528     -0.591     0.5934     0.987     0.987     0.9071     0.9536     0.7952     0.8012
123     -0.046     -0.6002     0.6019     0.9882     0.9882     0.9065     0.9536     0.7946     0.8007
124     -0.0381     -0.6092     0.6104     0.9896     0.9896     0.9065     0.9536     0.7946     0.8007
125     -0.0419     -0.624     0.6254     0.9913     0.9913     0.9065     0.9536     0.7946     0.8007
126     -0.0276     -0.6307     0.6313     0.99     0.99     0.9065     0.9536     0.7946     0.8007
127     -0.0211     -0.6185     0.6189     0.9901     0.9901     0.9068     0.9539     0.7942     0.8003
128     -0.0141     -0.6137     0.6138     0.9903     0.9903     0.9068     0.9545     0.7949     0.8009
129     -0.0225     -0.6012     0.6016     0.9906     0.9906     0.9065     0.9549     0.7939     0.8
130     -0.0329     -0.6196     0.6205     0.992     0.992     0.9065     0.9542     0.7946     0.8007
131     -0.0257     -0.6076     0.6082     0.9912     0.9912     0.9061     0.9513     0.7949     0.8009
132     -0.0313     -0.6153     0.6161     0.991     0.991     0.9061     0.9513     0.7956     0.8016
133     -0.024     -0.6104     0.6109     0.991     0.991     0.9064     0.951     0.7952     0.8012
134     -0.024     -0.6029     0.6034     0.9923     0.9923     0.9067     0.9507     0.7961     0.8021
135     -0.0232     -0.6104     0.6108     0.9924     0.9924     0.907     0.9516     0.7971     0.803
136     -0.0295     -0.6291     0.6298     0.9933     0.9933     0.9076     0.9509     0.7983     0.8035
137     -0.029     -0.6148     0.6155     0.992     0.992     0.9076     0.9516     0.7997     0.8048
138     -0.0307     -0.6241     0.6248     0.9924     0.9924     0.9061     0.9507     0.8025     0.8074
139     -0.0273     -0.6049     0.6056     0.9928     0.9928     0.9058     0.951     0.8036     0.8085
140     -0.0212     -0.6062     0.6066     0.9929     0.9929     0.9048     0.9508     0.8041     0.809
141     -0.023     -0.5941     0.5946     0.9907     0.9907     0.9042     0.9502     0.8043     0.8091
142     -0.018     -0.6118     0.612     0.9916     0.9916     0.9023     0.9496     0.8047     0.8095
143     -0.0057     -0.6264     0.6264     0.9908     0.9908     0.9018     0.9497     0.8049     0.8097
144     -0.0065     -0.6491     0.6491     0.9927     0.9927     0.9005     0.9485     0.8052     0.81
145     -0.0109     -0.6405     0.6406     0.9923     0.9923     0.8999     0.9479     0.8047     0.8095
146     -0.0042     -0.6367     0.6367     0.9918     0.9918     0.8996     0.9476     0.8044     0.8092
147     0.0076     -0.6472     0.6472     0.9917     0.9917     0.8999     0.9479     0.8047     0.8095
148     -0.0071     -0.6556     0.6557     0.9902     0.9902     0.9009     0.9488     0.8041     0.809
149     -0.0132     -0.6515     0.6517     0.9901     0.9901     0.9011     0.9484     0.8029     0.8078
150     -0.0067     -0.6629     0.6629     0.9892     0.9892     0.902     0.9493     0.8023     0.8073
151     -0.0086     -0.6593     0.6593     0.9903     0.9903     0.9026     0.9499     0.8022     0.8072
152     -0.0017     -0.6534     0.6534     0.9908     0.9908     0.9036     0.9508     0.801     0.806
153     -0.0063     -0.6582     0.6582     0.9911     0.9911     0.9042     0.9502     0.8008     0.8059
154     -0.0094     -0.6811     0.6811     0.9872     0.9872     0.9045     0.9498     0.7721     0.7781
155     -0.0105     -0.669     0.6691     0.9922     0.9922     0.9045     0.9498     0.8004     0.8055
156     -0.008     -0.6747     0.6747     0.9921     0.9921     0.9048     0.9501     0.8     0.8051
157     -0.0157     -0.67     0.6701     0.9914     0.9914     0.9048     0.9501     0.8     0.8051
158     -0.0056     -0.6598     0.6598     0.9906     0.9906     0.9045     0.9498     0.7997     0.8048
159     -0.0013     -0.6715     0.6715     0.9897     0.9897     0.9048     0.9495     0.7993     0.8044
160     -0.0014     -0.6789     0.6789     0.9899     0.9899     0.9048     0.9495     0.7993     0.8044
161     0.0028     -0.6692     0.6692     0.9904     0.9904     0.9051     0.9498     0.7996     0.8047
162     0.0101     -0.676     0.6761     0.9889     0.9889     0.9055     0.9501     0.7999     0.805
163     0.0058     -0.6862     0.6863     0.9886     0.9886     0.9058     0.9504     0.7718     0.7778
164     0.0117     -0.6888     0.6889     0.9887     0.9887     0.9067     0.9507     0.7726     0.7786
165     0.0122     -0.684     0.6841     0.9887     0.9887     0.907     0.951     0.7729     0.7788
166     0.0141     -0.6869     0.687     0.9878     0.9878     0.9076     0.9516     0.7727     0.7787
167     0.0079     -0.697     0.697     0.9892     0.9892     0.908     0.9519     0.7723     0.7783
168     0.0135     -0.6936     0.6937     0.989     0.989     0.9086     0.9519     0.7729     0.7788
169     0.01     -0.6987     0.6988     0.9899     0.9899     0.9089     0.9515     0.7731     0.7784
170     0.0085     -0.6953     0.6954     0.9887     0.9887     0.9086     0.9512     0.7722     0.7775
171     0.0094     -0.6862     0.6863     0.9883     0.9883     0.9089     0.9509     0.7717     0.7771
172     0.0158     -0.6797     0.6799     0.9847     0.9847     0.9088     0.9509     0.7709     0.7763
173     -1.0     -1.0     -1.0     -1.0     -1.0     0.9085     0.9505     -1.0     -1.0
174     -1.0     -1.0     -1.0     -1.0     -1.0     0.9089     0.9509     -1.0     -1.0
175     -1.0     -1.0     -1.0     -1.0     -1.0     0.9083     0.9509     -1.0     -1.0
176     -1.0     -1.0     -1.0     -1.0     -1.0     0.9083     0.9509     -1.0     -1.0
177     -1.0     -1.0     -1.0     -1.0     -1.0     0.908     0.9519     -1.0     -1.0
178     -1.0     -1.0     -1.0     -1.0     -1.0     0.9083     0.9516     -1.0     -1.0
179     -1.0     -1.0     -1.0     -1.0     -1.0     0.908     0.9519     -1.0     -1.0
180     -1.0     -1.0     -1.0     -1.0     -1.0     0.9089     0.9522     -1.0     -1.0
181     -1.0     -1.0     -1.0     -1.0     -1.0     0.9089     0.9522     -1.0     -1.0
182     -1.0     -1.0     -1.0     -1.0     -1.0     0.9095     0.9521     -1.0     -1.0
183     -1.0     -1.0     -1.0     -1.0     -1.0     0.9102     0.9527     -1.0     -1.0
184     -1.0     -1.0     -1.0     -1.0     -1.0     0.9108     0.9534     -1.0     -1.0
185     -1.0     -1.0     -1.0     -1.0     -1.0     0.9117     0.9536     -1.0     -1.0
186     -1.0     -1.0     -1.0     -1.0     -1.0     0.913     0.9542     -1.0     -1.0
187     -1.0     -1.0     -1.0     -1.0     -1.0     0.9136     0.9535     -1.0     -1.0
188     -1.0     -1.0     -1.0     -1.0     -1.0     0.9143     0.9535     -1.0     -1.0
189     -1.0     -1.0     -1.0     -1.0     -1.0     0.9135     0.9528     -1.0     -1.0
190     -1.0     -1.0     -1.0     -1.0     -1.0     0.9138     0.9518     -1.0     -1.0
191     -1.0     -1.0     -1.0     -1.0     -1.0     0.9137     0.9518     -1.0     -1.0
192     -1.0     -1.0     -1.0     -1.0     -1.0     0.914     0.9515     -1.0     -1.0
193     -1.0     -1.0     -1.0     -1.0     -1.0     0.9144     0.9518     -1.0     -1.0
194     0.0434     -0.7079     0.7092     0.9834     0.9834     0.9144     0.9524     0.7768     0.7819
195     0.0418     -0.7038     0.7051     0.9852     0.9852     0.9144     0.9524     0.7768     0.7819
196     0.0395     -0.7023     0.7034     0.988     0.988     0.9136     0.9529     0.7791     0.7841
197     0.0409     -0.6952     0.6964     0.9878     0.9878     0.9146     0.9532     0.7808     0.7856
198     0.0424     -0.6937     0.695     0.9873     0.9873     0.9143     0.9529     0.7812     0.786
199     0.046     -0.6912     0.6927     0.9868     0.9868     0.913     0.9523     0.7822     0.787
200     0.0527     -0.6968     0.6988     0.9861     0.9861     0.9146     0.9519     0.7822     0.787
201     0.0583     -0.7009     0.7034     0.9858     0.9858     0.9155     0.9515     0.7814     0.7863
202     0.0619     -0.7053     0.708     0.9858     0.9858     0.917     0.9504     0.7812     0.7861
203     0.0676     -0.6963     0.6996     0.9859     0.9859     0.9177     0.951     0.7811     0.786
204     0.0723     -0.6955     0.6993     0.9857     0.9857     0.9183     0.9503     0.7816     0.7865
205     0.0747     -0.6972     0.7012     0.9861     0.9861     0.9192     0.9499     0.7795     0.7845
206     0.075     -0.6939     0.698     0.9862     0.9862     0.9196     0.9502     0.7798     0.7847
207     0.0698     -0.6956     0.6991     0.986     0.986     0.9209     0.9502     0.7809     0.7858
208     0.0733     -0.6949     0.6987     0.9859     0.9859     0.9225     0.9504     0.7815     0.7864
209     0.0728     -0.6874     0.6912     0.9858     0.9858     0.9228     0.9494     0.7817     0.7865
210     0.0759     -0.6826     0.6868     0.9854     0.9854     0.9227     0.9494     0.7822     0.7864
211     0.0721     -0.6843     0.6881     0.9854     0.9854     0.9246     0.9492     0.7844     0.7885
212     0.0745     -0.6957     0.6997     0.986     0.986     0.9255     0.9495     0.7844     0.7885
213     0.0751     -0.6899     0.694     0.9867     0.9867     0.9266     0.9491     0.7868     0.7908
214     0.0666     -0.6847     0.6879     0.9857     0.9857     0.926     0.9499     0.7899     0.7937
215     0.0738     -0.6778     0.6818     0.9844     0.9844     0.9256     0.9502     0.7911     0.7948
216     0.0692     -0.6662     0.6698     0.9863     0.9863     0.9263     0.9509     0.7918     0.7955
217     0.0742     -0.6692     0.6733     0.9859     0.9859     0.9228     0.9469     0.7932     0.7968
218     0.0778     -0.6641     0.6687     0.9848     0.9848     0.9229     0.9483     0.7956     0.7991
219     0.0739     -0.6526     0.6568     0.9851     0.9851     0.9217     0.9504     0.7989     0.8028
220     0.084     -0.6697     0.675     0.9943     0.9943     0.9241     0.9455     0.7942     0.7964
221     0.0853     -0.6798     0.6852     0.9941     0.9941     0.9243     0.9457     0.7927     0.795
222     0.0952     -0.6731     0.6798     0.9932     0.9932     0.9281     0.948     0.792     0.7944
223     0.1038     -0.6767     0.6846     0.9935     0.9935     0.9278     0.9451     0.7911     0.7908
224     0.0991     -0.6895     0.6966     0.9927     0.9927     0.9297     0.945     0.7877     0.7876
225     0.0927     -0.6962     0.7024     0.9914     0.9914     0.9317     0.9455     0.7849     0.7849
226     0.0931     -0.6796     0.686     0.9923     0.9923     0.9313     0.9445     0.7852     0.7852
227     0.0936     -0.6774     0.6839     0.9924     0.9924     0.9277     0.9431     0.7903     0.79
228     0.0797     -0.664     0.6688     0.9839     0.9839     0.9224     0.9427     0.7984     0.7991
229     0.0775     -0.6496     0.6542     0.9844     0.9844     0.9205     0.9442     0.8004     0.8016
230     0.0773     -0.6391     0.6438     0.9837     0.9837     0.9181     0.9444     0.8051     0.8067
231     0.0829     -0.6554     0.6606     0.9831     0.9831     0.9167     0.9457     0.7803     0.7833
232     0.0908     -0.6264     0.633     0.9893     0.9893     0.9143     0.9459     0.7821     0.7856
233     0.0878     -0.6194     0.6255     0.9898     0.9898     0.9127     0.9437     0.7856     0.7889
234     0.0912     -0.6138     0.6205     0.9895     0.9895     0.9124     0.9454     0.7916     0.7946
235     0.0854     -0.6065     0.6125     0.9876     0.9876     0.9116     0.9466     0.7955     0.7983
236     0.0916     -0.5702     0.5775     0.9889     0.9889     0.9139     0.9488     0.7992     0.8017
237     0.093     -0.5493     0.5571     0.9885     0.9885     0.914     0.9495     0.8028     0.8058
238     0.0932     -0.5403     0.5483     0.9895     0.9895     0.9146     0.9514     0.8062     0.809
239     0.1077     -0.5489     0.5593     0.9927     0.9927     0.9149     0.9511     0.8092     0.8119
240     0.1116     -0.5294     0.541     0.9914     0.9914     0.9181     0.9509     0.8169     0.8191
241     0.1137     -0.5011     0.5138     0.9926     0.9926     0.9152     0.9482     0.8244     0.8242
242     0.1216     -0.4716     0.4871     0.9914     0.9914     0.9158     0.9481     0.8305     0.8293
243     0.1129     -0.4495     0.4635     0.9928     0.9928     0.9183     0.9486     0.837     0.8355
244     0.103     -0.4261     0.4384     0.993     0.993     0.921     0.9511     0.8437     0.8418
245     0.0995     -0.396     0.4083     0.9922     0.9922     0.9208     0.9471     0.8512     0.8481
246     0.1078     -0.3558     0.3718     0.9905     0.9905     0.9191     0.9475     0.8574     0.8541
247     0.1089     -0.3423     0.3592     0.9907     0.9907     0.918     0.9483     0.86     0.8571
248     0.1118     -0.334     0.3522     0.9902     0.9902     0.9154     0.9498     0.8605     0.8603
249     0.111     -0.3388     0.3565     0.989     0.989     0.9136     0.9506     0.8624     0.8627
250     0.11     -0.3275     0.3455     0.9903     0.9903     0.913     0.9506     0.8619     0.8642
251     0.1098     -0.3358     0.3533     0.9909     0.9909     0.9103     0.9486     0.8642     0.8691
252     0.1078     -0.3298     0.347     0.9919     0.9919     0.9061     0.9452     0.8658     0.8725
253     0.092     -0.3406     0.3528     0.9835     0.9835     0.9081     0.9477     0.876     0.873
254     0.1033     -0.3453     0.3604     0.9922     0.9922     0.9099     0.9483     0.8596     0.8628
255     0.0969     -0.3747     0.387     0.985     0.985     0.9103     0.9429     0.8633     0.861
256     0.0973     -0.3866     0.3986     0.9837     0.9837     0.9099     0.9413     0.8587     0.8567
257     0.1093     -0.3986     0.4133     0.991     0.991     0.9108     0.9389     0.8483     0.8475
258     0.1175     -0.4353     0.4508     0.9916     0.9916     0.915     0.9442     0.8416     0.8405
259     0.1176     -0.465     0.4796     0.993     0.993     0.9148     0.9421     0.8363     0.8348
260     0.1225     -0.4667     0.4825     0.9933     0.9933     0.913     0.9403     0.8362     0.8354
261     0.1271     -0.4593     0.4766     0.9927     0.9927     0.9111     0.9391     0.8351     0.8344
262     0.1261     -0.4854     0.5015     0.9922     0.9922     0.9095     0.9377     0.8331     0.8331
263     0.1262     -0.4947     0.5105     0.9943     0.9943     0.9077     0.9372     0.8308     0.8309
264     0.1368     -0.4956     0.5141     0.9918     0.9918     0.9071     0.9366     0.8295     0.8297
265     0.1291     -0.4866     0.5035     0.9914     0.9914     0.9062     0.937     0.828     0.829
266     0.1219     -0.516     0.5302     0.9924     0.9924     0.9062     0.9363     0.8273     0.8283
267     0.1249     -0.529     0.5435     0.992     0.992     0.9077     0.9372     0.8259     0.8263
268     0.1177     -0.5314     0.5443     0.9927     0.9927     0.909     0.9371     0.8256     0.8261
269     0.1264     -0.5284     0.5434     0.9934     0.9934     0.9098     0.9373     0.8227     0.8233
270     0.1145     -0.5534     0.5651     0.9919     0.9919     0.911     0.9385     0.8224     0.8223
271     0.1101     -0.5699     0.5804     0.9871     0.9871     0.9136     0.9396     0.8233     0.8232
272     0.1139     -0.5461     0.5578     0.9903     0.9903     0.9147     0.9387     0.8184     0.8179
273     0.1197     -0.5611     0.5737     0.9909     0.9909     0.9161     0.9382     0.8144     0.8134
274     0.1043     -0.5767     0.5861     0.9847     0.9847     0.9189     0.9363     0.8126     0.8104
275     0.1046     -0.5841     0.5934     0.9856     0.9856     0.9193     0.9341     0.8098     0.8077
276     0.1141     -0.6122     0.6228     0.9833     0.9833     0.9224     0.933     0.8062     0.8044
277     0.1088     -0.6195     0.629     0.9841     0.9841     0.922     0.9287     0.8019     0.7982
278     0.1234     -0.6308     0.6428     0.993     0.993     0.9239     0.9271     0.7939     0.7914
279     0.1268     -0.6465     0.6588     0.9934     0.9934     0.9241     0.9225     0.7917     0.7864
280     0.1201     -0.6137     0.6254     0.9941     0.9941     0.9212     0.928     0.801     0.7981
281     0.1177     -0.5988     0.6103     0.9938     0.9938     0.917     0.93     0.8153     0.8122
282     0.1116     -0.5739     0.5847     0.9842     0.9842     0.9106     0.9305     0.8259     0.823
283     0.1131     -0.5372     0.549     0.9857     0.9857     0.9029     0.9264     0.836     0.8326
284     0.1068     -0.5048     0.516     0.9854     0.9854     0.8992     0.9272     0.8449     0.8436
285     0.0884     -0.4946     0.5024     0.9855     0.9855     0.8921     0.9267     0.8529     0.8532
286     0.0816     -0.4854     0.4922     0.9871     0.9871     0.888     0.9265     0.8586     0.8592
287     0.0919     -0.4927     0.5012     0.9874     0.9874     0.8916     0.9281     0.8519     0.8528
288     0.0966     -0.5138     0.5228     0.9872     0.9872     0.8931     0.9283     0.8484     0.8489
289     0.095     -0.5333     0.5417     0.9888     0.9888     0.897     0.9295     0.8424     0.8419
290     0.0934     -0.5324     0.5405     0.9893     0.9893     0.8994     0.9293     0.8377     0.8368
291     0.0884     -0.5531     0.5601     0.9897     0.9897     0.8997     0.9296     0.8337     0.8331
292     0.0919     -0.5704     0.5778     0.9895     0.9895     0.9028     0.9319     0.8276     0.8272
293     0.1024     -0.5809     0.5898     0.9882     0.9882     0.911     0.9334     0.8224     0.821
294     0.0974     -0.5924     0.6004     0.9878     0.9878     0.9185     0.9307     0.8193     0.8153
295     0.1042     -0.6122     0.621     0.987     0.987     0.9243     0.9254     0.8079     0.8017
296     0.1184     -0.602     0.6135     0.9879     0.9879     0.9254     0.9067     0.794     0.7841
297     0.1288     -0.6256     0.6387     0.988     0.988     0.9256     0.8764     0.7801     0.7678
298     0.1354     -0.664     0.6777     0.9863     0.9863     0.8976     0.8321     0.7549     0.7406
299     0.1547     -0.7013     0.7182     0.9837     0.9837     0.8588     0.7813     0.6997     0.6853
300     0.1764     -0.7605     0.7807     0.9856     0.9856     0.7882     0.7132     0.6737     0.6552
301     0.1975     -0.8909     0.9125     0.9843     0.9843     0.6922     0.6216     0.5697     0.5542
302     0.251     -1.0746     1.1035     0.9859     0.9859     0.5635     0.501     0.4672     0.4529
303     0.3294     -1.3923     1.4307     0.9864     0.9864     0.3453     0.3019     0.2962     0.2872
304     0.3949     -1.8074     1.8501     0.9877     0.9877     0.0957     0.0821     0.0725     0.0763
305     -1.0     -1.0     -1.0     0.9897     0.9897     -1.0     -1.0     0.0     0.0
306     -1.0     -1.0     -1.0     0.9891     0.9891     -1.0     -1.0     0.0     0.0
307     0.4056     -1.9934     2.0343     0.991     0.991     0.0519     0.0444     0.0223     0.0303
308     0.3664     -1.9952     2.0285     0.9873     0.9873     0.1533     0.1321     0.0534     0.0667
309     0.3113     -1.969     1.9935     0.9918     0.9918     0.2528     0.2195     0.1211     0.1352
310     0.2447     -1.9561     1.9713     0.9868     0.9868     0.3401     0.2972     0.1365     0.152
311     0.2139     -1.9349     1.9467     0.9933     0.9933     0.4152     0.365     0.204     0.2181
312     0.1924     -1.907     1.9167     0.9912     0.9912     0.4865     0.43     0.2444     0.2575
313     0.183     -1.8035     1.8128     0.988     0.988     0.5736     0.5104     0.302     0.3106
314     0.1724     -1.5432     1.5528     0.9903     0.9903     0.6863     0.6161     0.4602     0.4587
315     0.1521     -1.2829     1.2919     0.9856     0.9856     0.7882     0.7132     0.5418     0.5379
316     0.1479     -1.0499     1.0602     0.9883     0.9883     0.8614     0.7847     0.6282     0.6195
317     0.134     -0.8568     0.8672     0.9876     0.9876     0.9024     0.844     0.6924     0.6823
318     0.1234     -0.7195     0.73     0.9875     0.9875     0.9067     0.8827     0.7476     0.7375
319     0.1227     -0.599     0.6114     0.9879     0.9879     0.9048     0.9026     0.7884     0.7775
320     0.1301     -0.5432     0.5586     0.9877     0.9877     0.9058     0.9077     0.8071     0.7968
321     0.1213     -0.5253     0.5391     0.99     0.99     0.9063     0.9135     0.8217     0.8135
322     0.1017     -0.4747     0.4855     0.9901     0.9901     0.9054     0.9159     0.8342     0.8281
323     0.0906     -0.4522     0.4612     0.991     0.991     0.9033     0.9204     0.848     0.8432
324     0.0882     -0.3911     0.4009     0.9905     0.9905     0.9016     0.9219     0.8568     0.8549
325     0.0968     -0.3623     0.375     0.9917     0.9917     0.8964     0.9246     0.8853     0.8897
326     0.0912     -0.3606     0.3719     0.9899     0.9899     0.8942     0.9267     0.8667     0.8707
327     0.0871     -0.3658     0.376     0.9902     0.9902     0.8945     0.927     0.8671     0.8724
328     0.0882     -0.3618     0.3724     0.9922     0.9922     0.893     0.9281     0.869     0.8761
329     0.0841     -0.3326     0.3431     0.9902     0.9902     0.8932     0.9289     0.8713     0.879
330     0.0789     -0.3316     0.3408     0.9906     0.9906     0.8924     0.9293     0.8719     0.8814
331     0.078     -0.3292     0.3384     0.9901     0.9901     0.8917     0.9287     0.8719     0.8821
332     0.0732     -0.325     0.3332     0.9902     0.9902     0.8924     0.9293     0.8739     0.884
333     0.0989     -0.3034     0.3191     0.9904     0.9904     0.8939     0.9308     0.8747     0.8848
334     0.0925     -0.3071     0.3207     0.9911     0.9911     0.8951     0.9307     0.8752     0.8846
335     0.0908     -0.3191     0.3318     0.9907     0.9907     0.8958     0.9301     0.8765     0.8859
336     0.1032     -0.3381     0.3535     0.9926     0.9926     0.8988     0.9305     0.8767     0.8848
337     0.1072     -0.3215     0.3389     0.9904     0.9904     0.9007     0.9297     0.8764     0.8832
338     0.1023     -0.3156     0.3318     0.9896     0.9896     0.9011     0.9296     0.8769     0.883
339     0.1018     -0.3222     0.3379     0.9912     0.9912     0.9033     0.9297     0.8761     0.8817
340     0.0987     -0.3184     0.3334     0.9909     0.9909     0.9025     0.9315     0.8783     0.885
341     0.0938     -0.3006     0.3149     0.991     0.991     0.9018     0.9314     0.8797     0.8876
342     0.1045     -0.2789     0.2978     0.9921     0.9921     0.9019     0.9321     0.8818     0.8903
343     0.0981     -0.2686     0.286     0.9904     0.9904     0.9028     0.9348     0.8828     0.8931
344     0.0908     -0.2499     0.2659     0.9897     0.9897     0.9009     0.9349     0.8844     0.8953
345     0.0983     -0.2453     0.2643     0.9908     0.9908     0.901     0.9362     0.8865     0.8973
346     0.0972     -0.2482     0.2665     0.9909     0.9909     0.9017     0.9369     0.8873     0.8999
347     0.0973     -0.258     0.2757     0.9912     0.9912     0.9032     0.9384     0.8887     0.9013
348     0.0765     -0.2629     0.2738     0.9849     0.9849     0.9044     0.9382     0.8906     0.9005
349     0.0782     -0.2416     0.2539     0.984     0.984     0.9049     0.9368     0.8917     0.9003
350     0.0802     -0.2423     0.2553     0.9825     0.9825     0.9061     0.938     0.8936     0.9008
351     0.0846     -0.2649     0.2781     0.9914     0.9914     0.9069     0.9363     0.8923     0.9015
352     0.0783     -0.2605     0.272     0.9845     0.9845     0.9087     0.9354     0.8955     0.9013
353     0.0954     -0.2511     0.2686     0.9917     0.9917     0.9097     0.937     0.8944     0.9035
354     0.0985     -0.2641     0.2819     0.9936     0.9936     0.9091     0.9384     0.8952     0.9049
355     0.092     -0.2677     0.283     0.9931     0.9931     0.9099     0.9391     0.8945     0.905
356     0.1049     -0.2489     0.2701     0.9933     0.9933     0.9113     0.9404     0.8946     0.9057
357     0.1071     -0.2233     0.2477     0.9921     0.9921     0.9121     0.9424     0.8948     0.9071
358     0.0931     -0.2323     0.2503     0.9922     0.9922     0.9128     0.9436     0.8954     0.9077
359     0.089     -0.2427     0.2586     0.9928     0.9928     0.9078     0.9441     0.894     0.9077
360     0.0829     -0.231     0.2455     0.9922     0.9922     0.9097     0.944     0.8938     0.9075
361     0.0808     -0.2296     0.2434     0.9829     0.9829     0.9113     0.9455     0.8988     0.9109
362     0.0857     -0.2104     0.2272     0.9906     0.9906     0.9116     0.9458     0.8949     0.9086
363     0.0919     -0.2116     0.2307     0.9895     0.9895     0.9119     0.9461     0.8952     0.9089
364     0.0917     -0.2117     0.2307     0.9918     0.9918     0.9126     0.9474     0.8959     0.9095
365     0.0897     -0.224     0.2413     0.9947     0.9947     0.9145     0.9479     0.8977     0.9113
366     0.0867     -0.231     0.2468     0.9871     0.9871     0.9145     0.9486     0.9019     0.9153
367     0.0843     -0.2475     0.2614     0.9881     0.9881     0.9151     0.9486     0.9025     0.9145
368     0.0758     -0.2361     0.2479     0.9866     0.9866     0.9167     0.9488     0.9027     0.9134
369     0.0659     -0.2248     0.2343     0.9882     0.9882     0.918     0.9487     0.9033     0.9126
370     0.0758     -0.2462     0.2577     0.9886     0.9886     0.9197     0.9542     0.9036     0.9129
371     0.0796     -0.2386     0.2515     0.9852     0.9852     0.9204     0.9549     0.9035     0.9122
372     0.0826     -0.2564     0.2693     0.9847     0.9847     0.9223     0.9554     0.9026     0.9114
373     0.0829     -0.2499     0.2633     0.9852     0.9852     0.923     0.9567     0.904     0.9127
374     0.0807     -0.2549     0.2674     0.9858     0.9858     0.9216     0.9502     0.9047     0.9133
375     0.0895     -0.2499     0.2654     0.9935     0.9935     0.9222     0.9521     0.9004     0.9113
376     0.0833     -0.2262     0.241     0.9859     0.9859     0.9229     0.9534     0.9081     0.9179
377     0.0754     -0.231     0.2429     0.9865     0.9865     0.9238     0.9537     0.909     0.9181
378     0.079     -0.2074     0.2219     0.9866     0.9866     0.9245     0.9543     0.9097     0.9187
379     0.0862     -0.195     0.2132     0.9867     0.9867     0.9242     0.9546     0.9108     0.9204
380     0.0786     -0.2073     0.2217     0.986     0.986     0.9261     0.9539     0.9106     0.9196
381     0.0812     -0.2183     0.2329     0.986     0.986     0.9294     0.9544     0.9117     0.92
382     0.0888     -0.2065     0.2248     0.9866     0.9866     0.9198     0.9463     0.912     0.9183
383     0.0825     -0.2245     0.2392     0.986     0.986     0.9203     0.9448     0.9103     0.9161
384     0.0855     -0.2419     0.2566     0.988     0.988     0.9226     0.9437     0.9097     0.9141
385     0.089     -0.2681     0.2825     0.9887     0.9887     0.9241     0.9418     0.909     0.9108
386     0.0868     -0.2502     0.2648     0.9886     0.9886     0.9267     0.9383     0.9065     0.9064
387     0.0794     -0.2697     0.2812     0.9875     0.9875     0.9292     0.9373     0.9081     0.9052
388     0.0941     -0.2381     0.256     0.9877     0.9877     0.9322     0.9381     0.9096     0.9066
389     0.0992     -0.2706     0.2883     0.9885     0.9885     0.9323     0.9355     0.9089     0.9038
390     0.088     -0.2575     0.2721     0.9863     0.9863     0.9329     0.9347     0.9094     0.9036
391     0.1041     -0.2546     0.2751     0.9854     0.9854     0.9337     0.9327     0.9094     0.9015
392     0.0966     -0.2601     0.2775     0.9857     0.9857     0.9354     0.9465     0.9096     0.9016
393     0.0967     -0.2562     0.2738     0.9862     0.9862     0.9357     0.9311     0.9098     0.9011
394     0.1032     -0.2628     0.2824     0.994     0.994     0.9349     0.9318     0.9068     0.9025
395     0.11     -0.2453     0.2688     0.9944     0.9944     0.9356     0.9338     0.9082     0.9045
