# 2017-01-13 12:52:22.905976
# CT_x16
#  path: ../data_final/CT_x16/
#  thresholds: -456.84, 330.0
#  dc-average: 0.973246497932
#  dc-average (opti): 0.973246497932
# MR_x16
#  path: ../data_final/MR_x16/
#  thresholds: 706.05, 2082.0
#  dc-average: 0.888815886602
#  dc-average (opti): 0.907761173522
#  dc-average (CT-COM): 0.761380251249
#  dc-average (CT-COM, opti): 0.763246479026
# 
sliceNumber   warp_X   warp_Y   warpMagnitude   dc_CT   dc_CT_opti   dc_MR   dc_MR_opti   dc_MR_CT-COM   dc_MR_opti_CT-COM
  0   -0.1123   -1.0937   1.0994   0.9579   0.9579   0.9377   0.8765   0.5885   0.5917
  1   -0.1281   -1.0923   1.0998   0.9584   0.9584   0.9356   0.8843   0.5891   0.5922
  2   -0.1352   -1.0908   1.0991   0.9567   0.9567   0.9333   0.8868   0.5877   0.5908
  3   -0.1535   -1.0802   1.0911   0.9578   0.9578   0.9314   0.8945   0.5931   0.5962
  4   -0.156   -1.0472   1.0587   0.9572   0.9572   0.9294   0.9021   0.6034   0.6062
  5   -0.1735   -1.0497   1.0639   0.9579   0.9579   0.9007   0.8844   0.6053   0.6081
  6   -0.1646   -1.0266   1.0397   0.9745   0.9745   0.9012   0.8849   0.6265   0.6241
  7   -0.1899   -1.0165   1.034   0.9567   0.9567   0.9012   0.8849   0.6072   0.6099
  8   -0.1771   -1.017   1.0323   0.9745   0.9745   0.9065   0.8899   0.6283   0.6259
  9   -0.1935   -1.0343   1.0522   0.9786   0.9786   0.9121   0.8953   0.6366   0.634
 10   -0.2004   -1.01   1.0297   0.978   0.978   0.9078   0.8914   0.6336   0.6311
 11   -0.1928   -1.0227   1.0407   0.9775   0.9775   0.9057   0.8938   0.6368   0.6343
 12   -0.1986   -1.0172   1.0364   0.9804   0.9804   0.9057   0.8938   0.6415   0.6389
 13   -0.2141   -1.0172   1.0395   0.9792   0.9792   0.904   0.9011   0.6417   0.6437
 14   -0.2217   -1.015   1.0389   0.9608   0.9608   0.904   0.9011   0.623   0.6253
 15   -0.2196   -1.0124   1.0359   0.956   0.956   0.9019   0.9035   0.6262   0.6284
 16   -0.2147   -1.0004   1.0232   0.9792   0.9792   0.8977   0.9083   0.6512   0.653
 17   -0.2194   -0.9773   1.0016   0.9584   0.9584   0.8956   0.9063   0.6311   0.6333
 18   -0.2223   -0.9789   1.0039   0.9602   0.9602   0.9007   0.9111   0.6374   0.6395
 19   -0.226   -0.9793   1.005   0.959   0.959   0.8966   0.9158   0.6391   0.6411
 20   -0.2216   -0.9751   1.0   0.9578   0.9578   0.8966   0.9158   0.6391   0.6411
 21   -0.1966   -0.9844   1.0039   0.9822   0.9822   0.8966   0.9158   0.6621   0.6637
 22   -0.1929   -0.9785   0.9974   0.9828   0.9828   0.8991   0.9181   0.6651   0.6667
 23   -0.1982   -0.967   0.9871   0.9602   0.9602   0.9041   0.9227   0.6393   0.6413
 24   -0.187   -0.951   0.9692   0.9632   0.9632   0.9091   0.9274   0.6455   0.6473
 25   -0.1802   -0.9465   0.9635   0.9591   0.9591   0.9189   0.9364   0.6532   0.6549
 26   -0.16   -0.9309   0.9446   0.9816   0.9816   0.9148   0.9367   0.6771   0.6784
 27   -0.1542   -0.9048   0.9178   0.9792   0.9792   0.9152   0.937   0.6875   0.6886
 28   -0.1434   -0.9108   0.922   0.9816   0.9816   0.9172   0.9389   0.689   0.6901
 29   -0.1271   -0.9171   0.9258   0.9852   0.9852   0.9196   0.9412   0.692   0.693
 30   -0.1277   -0.9033   0.9123   0.9864   0.9864   0.9241   0.9454   0.7009   0.7018
 31   -0.1237   -0.9045   0.9129   0.9846   0.9846   0.9241   0.9454   0.7009   0.7018
 32   -0.1165   -0.897   0.9046   0.9846   0.9846   0.9265   0.9476   0.7038   0.7046
 33   -0.1013   -0.8837   0.8895   0.9882   0.9882   0.9135   0.9144   0.7095   0.7102
 34   -0.1135   -0.8792   0.8864   0.9621   0.9621   0.9135   0.9144   0.6918   0.6928
 35   -0.1154   -0.8678   0.8754   0.962   0.962   0.9163   0.9212   0.7004   0.7013
 36   -0.1002   -0.8533   0.8592   0.9863   0.9863   0.9187   0.9234   0.7209   0.7214
 37   -0.1003   -0.8361   0.8421   0.9656   0.9656   0.9207   0.9253   0.7048   0.7056
 38   -0.0925   -0.8097   0.815   0.9887   0.9887   0.9187   0.9275   0.7253   0.7257
 39   -0.1035   -0.8027   0.8093   0.9633   0.9633   0.9187   0.9275   0.7033   0.7041
 40   -0.1116   -0.8026   0.8103   0.9651   0.9651   0.9207   0.9336   0.7093   0.71
 41   -0.1057   -0.8122   0.819   0.9663   0.9663   0.9248   0.9417   0.7168   0.7174
 42   -0.0944   -0.7979   0.8034   0.9657   0.9657   0.9231   0.9482   0.7209   0.7257
 43   -0.1057   -0.7852   0.7923   0.9663   0.9663   0.9231   0.9482   0.7209   0.7257
 44   -0.0993   -0.7781   0.7844   0.9632   0.9632   0.9231   0.9482   0.7209   0.7257
 45   -0.0901   -0.7459   0.7513   0.9633   0.9633   0.9231   0.9482   0.7209   0.7257
 46   -0.0948   -0.7613   0.7672   0.9651   0.9651   0.9211   0.9504   0.7281   0.7328
 47   -0.0834   -0.7595   0.764   0.9645   0.9645   0.9231   0.9524   0.7341   0.7387
 48   -0.0822   -0.7584   0.7629   0.9645   0.9645   0.9251   0.9544   0.7357   0.7403
 49   -0.0784   -0.7448   0.7489   0.9929   0.9929   0.9251   0.9585   0.7665   0.7662
 50   -0.0828   -0.7416   0.7462   0.9651   0.9651   0.9231   0.9607   0.7385   0.743
 51   -0.0776   -0.7322   0.7363   0.9639   0.9639   0.9211   0.9587   0.7412   0.7457
 52   -0.0621   -0.7238   0.7265   0.9941   0.9941   0.9214   0.963   0.7686   0.7682
 53   -0.078   -0.7241   0.7283   0.9645   0.9645   0.9237   0.9651   0.7495   0.7537
 54   -0.0771   -0.7242   0.7283   0.965   0.965   0.9241   0.9693   0.7505   0.7548
 55   -0.074   -0.7045   0.7084   0.9681   0.9681   0.9221   0.9673   0.7532   0.7574
 56   -0.0907   -0.7225   0.7281   0.9691   0.9691   0.9181   0.9675   0.7586   0.7627
 57   -0.0819   -0.6955   0.7003   0.9667   0.9667   0.9161   0.9696   0.7613   0.7653
 58   -0.0781   -0.6879   0.6923   0.9662   0.9662   0.9161   0.9696   0.7613   0.7653
 59   -0.0785   -0.6947   0.6991   0.9668   0.9668   0.9161   0.9696   0.7613   0.7653
 60   -0.0711   -0.6933   0.697   0.968   0.968   0.9142   0.9352   0.7682   0.7722
 61   -0.0794   -0.692   0.6965   0.9674   0.9674   0.9142   0.9352   0.7682   0.7722
 62   -0.0895   -0.6874   0.6932   0.9686   0.9686   0.9142   0.9352   0.7682   0.7722
 63   -0.086   -0.6665   0.672   0.9681   0.9681   0.9161   0.9371   0.7699   0.7738
 64   -0.0753   -0.6504   0.6548   0.9685   0.9685   0.9161   0.9371   0.7699   0.7738
 65   -0.0744   -0.638   0.6423   0.9644   0.9644   0.9201   0.9409   0.7732   0.7771
 66   -0.0723   -0.6441   0.6481   0.965   0.965   0.9201   0.9409   0.7732   0.7771
 67   -0.0565   -0.6559   0.6583   0.9651   0.9651   0.9201   0.9409   0.7732   0.7771
 68   -0.0637   -0.6493   0.6524   0.9656   0.9656   0.9221   0.951   0.7835   0.7872
 69   -0.0688   -0.6388   0.6425   0.9663   0.9663   0.9261   0.9549   0.787   0.7906
 70   -0.062   -0.6286   0.6317   0.9645   0.9645   0.9281   0.9569   0.7887   0.7923
 71   -0.0696   -0.6167   0.6207   0.9663   0.9663   0.9281   0.9569   0.7887   0.7923
 72   -0.0676   -0.6264   0.6301   0.9508   0.9508   0.9281   0.9569   0.7233   0.7238
 73   -0.0624   -0.6215   0.6246   0.9526   0.9526   0.9281   0.9569   0.7233   0.7238
 74   -0.0674   -0.6099   0.6136   0.9668   0.9668   0.9301   0.9588   0.7904   0.794
 75   -0.0738   -0.6076   0.612   0.9703   0.9703   0.9281   0.961   0.793   0.7966
 76   -0.0769   -0.5932   0.5982   0.9686   0.9686   0.9261   0.959   0.8   0.8034
 77   -0.0732   -0.5828   0.5874   0.9692   0.9692   0.9261   0.9631   0.8043   0.8077
 78   -0.0748   -0.601   0.6056   0.955   0.955   0.9261   0.9631   0.7391   0.7393
 79   -0.0821   -0.6086   0.6141   0.9573   0.9573   0.9281   0.9651   0.7407   0.7409
 80   -0.0701   -0.6032   0.6073   0.9574   0.9574   0.9281   0.9651   0.7407   0.7409
 81   -0.0833   -0.5934   0.5992   0.9544   0.9544   0.9221   0.9673   0.7489   0.7489
 82   -0.0774   -0.5956   0.6006   0.9573   0.9573   0.9201   0.9695   0.7516   0.7516
 83   -0.0706   -0.5953   0.5995   0.9562   0.9562   0.9161   0.9696   0.757   0.7569
 84   -0.0598   -0.5863   0.5894   0.9573   0.9573   0.9181   0.9715   0.7586   0.7585
 85   -0.0621   -0.5838   0.5871   0.9537   0.9537   0.9181   0.9715   0.7586   0.7585
 86   -0.0489   -0.6083   0.6103   0.9567   0.9567   0.9161   0.9736   0.757   0.7611
 87   -0.05   -0.598   0.6001   0.9549   0.9549   0.9181   0.9715   0.7586   0.7585
 88   -0.0513   -0.5657   0.568   0.9555   0.9555   0.9181   0.9715   0.7586   0.7585
 89   -0.0555   -0.5756   0.5782   0.9573   0.9573   0.9201   0.9735   0.7603   0.7601
 90   -0.0512   -0.5514   0.5538   0.9567   0.9567   0.9201   0.9735   0.7646   0.7643
 91   -0.0476   -0.5649   0.5669   0.9572   0.9572   0.9201   0.9735   0.7646   0.7643
 92   -0.0579   -0.553   0.556   0.9573   0.9573   0.9161   0.9696   0.7699   0.7696
 93   -0.0629   -0.5566   0.5602   0.9567   0.9567   0.9181   0.9715   0.7716   0.7712
 94   -0.0571   -0.556   0.5589   0.9561   0.9561   0.9181   0.9715   0.7716   0.7712
 95   -0.0625   -0.5503   0.5539   0.9583   0.9583   0.9161   0.9736   0.7742   0.7738
 96   -0.0662   -0.5525   0.5564   0.9579   0.9579   0.9142   0.9757   0.7725   0.7764
 97   -0.0489   -0.5695   0.5716   0.9584   0.9584   0.9142   0.9757   0.7725   0.7764
 98   -0.0598   -0.5749   0.578   0.9621   0.9621   0.9142   0.9352   0.7725   0.7764
 99   -0.0594   -0.5591   0.5623   0.9633   0.9633   0.9142   0.9352   0.7725   0.7764
100   -0.0647   -0.5732   0.5768   0.9615   0.9615   0.9142   0.9352   0.7725   0.7764
101   -0.0584   -0.58   0.5829   0.962   0.962   0.9122   0.9374   0.7752   0.7789
102   -0.0558   -0.5689   0.5717   0.9614   0.9614   0.9122   0.9374   0.7752   0.7789
103   -0.0508   -0.5598   0.5621   0.9631   0.9631   0.9122   0.9374   0.7752   0.7789
104   -0.0592   -0.5767   0.5797   0.9633   0.9633   0.9122   0.9374   0.7752   0.7789
105   -0.0547   -0.5714   0.574   0.9662   0.9662   0.9122   0.9374   0.7752   0.7789
106   -0.0461   -0.5749   0.5768   0.965   0.965   0.9122   0.9374   0.7752   0.7789
107   -0.0515   -0.5699   0.5723   0.9662   0.9662   0.9142   0.9393   0.7768   0.7806
108   -0.0549   -0.5713   0.574   0.9644   0.9644   0.9142   0.9393   0.7768   0.7806
109   -0.0616   -0.5666   0.5699   0.9638   0.9638   0.9142   0.9393   0.7768   0.7806
110   -0.0568   -0.5712   0.574   0.9632   0.9632   0.9122   0.9374   0.7752   0.7789
111   -0.0456   -0.5791   0.5809   0.9657   0.9657   0.9142   0.9352   0.7768   0.7806
112   -0.0515   -0.5752   0.5775   0.9674   0.9674   0.9142   0.9352   0.7768   0.7806
113   -0.0656   -0.5617   0.5656   0.9661   0.9661   0.9122   0.9374   0.7794   0.7832
114   -0.0596   -0.5709   0.574   0.9692   0.9692   0.9122   0.9374   0.7794   0.7832
115   -0.0544   -0.5571   0.5598   0.968   0.968   0.9142   0.9393   0.7854   0.789
116   -0.0543   -0.5797   0.5822   0.968   0.968   0.9103   0.9355   0.7863   0.7899
117   -0.0528   -0.5781   0.5805   0.968   0.968   0.9122   0.9374   0.788   0.7916
118   -0.0506   -0.5718   0.574   0.9687   0.9687   0.9142   0.9393   0.7897   0.7932
119   -0.0442   -0.5843   0.586   0.9656   0.9656   0.9142   0.9393   0.7897   0.7932
120   -0.0586   -0.5877   0.5906   0.9668   0.9668   0.9099   0.9352   0.7897   0.789
121   -0.0401   -0.5836   0.585   0.9662   0.9662   0.9099   0.9312   0.7854   0.7848
122   -0.0532   -0.5908   0.5932   0.9673   0.9673   0.9099   0.9312   0.7854   0.7848
123   -0.0464   -0.5997   0.6014   0.9667   0.9667   0.9099   0.9312   0.7854   0.7848
124   -0.0389   -0.6089   0.6101   0.9645   0.9645   0.9099   0.9312   0.7854   0.7848
125   -0.0423   -0.6236   0.6251   0.9645   0.9645   0.9079   0.9293   0.7837   0.7832
126   -0.0276   -0.6304   0.631   0.9651   0.9651   0.9079   0.9293   0.7837   0.7832
127   -0.0211   -0.6179   0.6182   0.9639   0.9639   0.9079   0.9293   0.7837   0.7832
128   -0.0143   -0.6133   0.6135   0.9929   0.9929   0.9079   0.9293   0.788   0.7916
129   -0.0226   -0.6011   0.6015   0.9639   0.9639   0.9079   0.9333   0.788   0.7874
130   -0.0335   -0.6195   0.6204   0.9663   0.9663   0.9079   0.9333   0.788   0.7874
131   -0.026   -0.6073   0.6079   0.9663   0.9663   0.9079   0.9333   0.788   0.7874
132   -0.0318   -0.6153   0.6161   0.9679   0.9679   0.9079   0.9333   0.788   0.7874
133   -0.0236   -0.6101   0.6106   0.9661   0.9661   0.9079   0.9333   0.788   0.7874
134   -0.0241   -0.603   0.6035   0.9656   0.9656   0.9079   0.9333   0.788   0.7874
135   -0.0239   -0.6104   0.6109   0.9656   0.9656   0.9079   0.9333   0.788   0.7874
136   -0.0302   -0.6293   0.63   0.9657   0.9657   0.9079   0.9333   0.788   0.7874
137   -0.0297   -0.6149   0.6156   0.9674   0.9674   0.9079   0.9333   0.788   0.7874
138   -0.0311   -0.6242   0.6249   0.968   0.968   0.9099   0.9352   0.7897   0.789
139   -0.0275   -0.6052   0.6058   0.9668   0.9668   0.9118   0.9371   0.7914   0.7907
140   -0.0215   -0.6069   0.6072   0.9661   0.9661   0.906   0.9355   0.7949   0.7941
141   -0.0234   -0.5942   0.5947   0.9662   0.9662   0.9021   0.9398   0.8   0.7992
142   -0.0185   -0.6117   0.612   0.9663   0.9663   0.9002   0.9379   0.7983   0.7975
143   -0.0056   -0.6264   0.6265   0.9923   0.9923   0.9002   0.9379   0.8025   0.8058
144   -0.0067   -0.6493   0.6494   0.9953   0.9953   0.8964   0.9341   0.8034   0.8067
145   -0.0107   -0.6409   0.641   0.9645   0.9645   0.8964   0.9341   0.7992   0.7983
146   -0.0037   -0.6374   0.6375   0.9923   0.9923   0.8964   0.9341   0.8034   0.8067
147   0.008   -0.6478   0.6479   0.9982   0.9982   0.8964   0.9341   0.8034   0.8067
148   -0.0073   -0.6559   0.656   0.9959   0.9959   0.8983   0.936   0.8008   0.8042
149   -0.0132   -0.6518   0.6519   0.9628   0.9628   0.8983   0.936   0.7966   0.7958
150   -0.0063   -0.6635   0.6635   0.9935   0.9935   0.9002   0.9339   0.7983   0.8017
151   -0.0085   -0.66   0.6601   0.9923   0.9923   0.9021   0.9357   0.7957   0.7992
152   -0.0018   -0.6541   0.6541   0.9941   0.9941   0.9041   0.9336   0.7932   0.7966
153   -0.0064   -0.6586   0.6586   0.9947   0.9947   0.9041   0.9336   0.7932   0.7966
154   -0.0095   -0.6818   0.6819   0.9491   0.9491   0.9041   0.9336   0.7207   0.7212
155   -0.0105   -0.6698   0.6698   0.9627   0.9627   0.9041   0.9336   0.7889   0.7883
156   -0.0084   -0.6755   0.6756   0.9941   0.9941   0.9041   0.9336   0.7932   0.7966
157   -0.016   -0.6709   0.6711   0.9639   0.9639   0.9041   0.9336   0.7889   0.7883
158   -0.0058   -0.6605   0.6605   0.9917   0.9917   0.9041   0.9336   0.7932   0.7966
159   -0.0016   -0.6722   0.6722   0.9947   0.9947   0.9041   0.9336   0.7932   0.7966
160   -0.0016   -0.6796   0.6796   0.9947   0.9947   0.9041   0.9336   0.7932   0.7966
161   0.0029   -0.6702   0.6702   0.9947   0.9947   0.906   0.9355   0.7949   0.7983
162   0.0101   -0.6769   0.6769   0.9929   0.9929   0.906   0.9355   0.7949   0.7983
163   0.0058   -0.6872   0.6873   0.9686   0.9686   0.906   0.9355   0.7222   0.7269
164   0.0117   -0.6897   0.6898   0.9674   0.9674   0.906   0.9355   0.7222   0.7269
165   0.0127   -0.6853   0.6854   0.9686   0.9686   0.9079   0.9374   0.7238   0.7284
166   0.0147   -0.688   0.6882   0.9686   0.9686   0.9079   0.9374   0.7238   0.7284
167   0.0081   -0.698   0.6981   0.9685   0.9685   0.9079   0.9374   0.7238   0.7284
168   0.0138   -0.6949   0.695   0.9686   0.9686   0.9099   0.9393   0.721   0.7257
169   0.0103   -0.7001   0.7002   0.9686   0.9686   0.9075   0.9371   0.7226   0.723
170   0.0087   -0.6965   0.6966   0.9674   0.9674   0.9075   0.9371   0.7226   0.723
171   0.0093   -0.6866   0.6867   0.9676   0.9676   0.8879   0.9146   0.7198   0.7203
172   0.0155   -0.68   0.6802   0.9701   0.9701   0.8898   0.9124   0.7171   0.7176
173   -1.0   -1.0   -1.0   -1.0   -1.0   0.8898   0.9124   -1.0   -1.0
174   -1.0   -1.0   -1.0   -1.0   -1.0   0.8879   0.9146   -1.0   -1.0
175   -1.0   -1.0   -1.0   -1.0   -1.0   0.886   0.9128   -1.0   -1.0
176   -1.0   -1.0   -1.0   -1.0   -1.0   0.886   0.9128   -1.0   -1.0
177   -1.0   -1.0   -1.0   -1.0   -1.0   0.8879   0.9146   -1.0   -1.0
178   -1.0   -1.0   -1.0   -1.0   -1.0   0.9099   0.9393   -1.0   -1.0
179   -1.0   -1.0   -1.0   -1.0   -1.0   0.9099   0.9433   -1.0   -1.0
180   -1.0   -1.0   -1.0   -1.0   -1.0   0.9118   0.9452   -1.0   -1.0
181   -1.0   -1.0   -1.0   -1.0   -1.0   0.8879   0.9106   -1.0   -1.0
182   -1.0   -1.0   -1.0   -1.0   -1.0   0.8879   0.9106   -1.0   -1.0
183   -1.0   -1.0   -1.0   -1.0   -1.0   0.8918   0.9143   -1.0   -1.0
184   -1.0   -1.0   -1.0   -1.0   -1.0   0.8898   0.9124   -1.0   -1.0
185   -1.0   -1.0   -1.0   -1.0   -1.0   0.8898   0.9124   -1.0   -1.0
186   -1.0   -1.0   -1.0   -1.0   -1.0   0.8918   0.9143   -1.0   -1.0
187   -1.0   -1.0   -1.0   -1.0   -1.0   0.8918   0.9143   -1.0   -1.0
188   -1.0   -1.0   -1.0   -1.0   -1.0   0.8918   0.9143   -1.0   -1.0
189   -1.0   -1.0   -1.0   -1.0   -1.0   0.8918   0.9143   -1.0   -1.0
190   -1.0   -1.0   -1.0   -1.0   -1.0   0.8918   0.9143   -1.0   -1.0
191   -1.0   -1.0   -1.0   -1.0   -1.0   0.8894   0.9121   -1.0   -1.0
192   -1.0   -1.0   -1.0   -1.0   -1.0   0.8894   0.9121   -1.0   -1.0
193   -1.0   -1.0   -1.0   -1.0   -1.0   0.8894   0.9121   -1.0   -1.0
194   0.044   -0.7078   0.7092   0.9713   0.9713   0.8894   0.9121   0.7245   0.7249
195   0.0422   -0.7039   0.7052   0.9736   0.9736   0.8918   0.9143   0.7273   0.7277
196   0.0397   -0.7024   0.7036   0.9751   0.9751   0.8898   0.9124   0.73   0.7304
197   0.0413   -0.6951   0.6963   0.9769   0.9769   0.8898   0.9124   0.73   0.7304
198   0.0428   -0.6937   0.695   0.9762   0.9762   0.8898   0.9124   0.73   0.7304
199   0.0464   -0.691   0.6926   0.9751   0.9751   0.8898   0.9124   0.73   0.7304
200   0.0531   -0.6964   0.6985   0.9775   0.9775   0.8898   0.9124   0.73   0.7304
201   0.0589   -0.7006   0.703   0.9792   0.9792   0.8898   0.9124   0.73   0.7304
202   0.0627   -0.7047   0.7075   0.9792   0.9792   0.8918   0.9143   0.7316   0.7319
203   0.0685   -0.6955   0.6989   0.978   0.978   0.8937   0.9162   0.7289   0.7292
204   0.0733   -0.6942   0.6981   0.9768   0.9768   0.8937   0.9162   0.7289   0.7292
205   0.0758   -0.6958   0.7   0.9774   0.9774   0.8957   0.918   0.7304   0.7308
206   0.0762   -0.6925   0.6967   0.9768   0.9768   0.8976   0.9199   0.732   0.7323
207   0.071   -0.6944   0.698   0.978   0.978   0.8996   0.9218   0.7336   0.7339
208   0.0744   -0.6935   0.6975   0.9792   0.9792   0.8972   0.9196   0.7309   0.7312
209   0.0738   -0.6862   0.6901   0.978   0.978   0.9051   0.9272   0.7373   0.7375
210   0.0767   -0.6815   0.6858   0.9786   0.9786   0.9051   0.9272   0.7373   0.7375
211   0.0729   -0.6831   0.687   0.9774   0.9774   0.9091   0.9269   0.7406   0.7407
212   0.0753   -0.6946   0.6987   0.981   0.981   0.9111   0.9289   0.7422   0.7424
213   0.0759   -0.6888   0.693   0.9792   0.9792   0.9131   0.9308   0.7439   0.744
214   0.0669   -0.6841   0.6874   0.9786   0.9786   0.9156   0.9331   0.7511   0.7511
215   0.0745   -0.6772   0.6813   0.9786   0.9786   0.9156   0.9331   0.7511   0.7511
216   0.07   -0.6658   0.6695   0.9792   0.9792   0.9156   0.9331   0.7511   0.7511
217   0.0749   -0.6691   0.6732   0.9792   0.9792   0.9156   0.9331   0.7511   0.7511
218   0.0786   -0.6644   0.669   0.9805   0.9805   0.9156   0.9331   0.7511   0.7511
219   0.0748   -0.6531   0.6574   0.9799   0.9799   0.9156   0.9331   0.7511   0.7511
220   0.0847   -0.6701   0.6754   0.9793   0.9793   0.9156   0.9331   0.7511   0.7511
221   0.0861   -0.6799   0.6853   0.9834   0.9834   0.9156   0.9331   0.7511   0.7511
222   0.0954   -0.673   0.6798   0.9792   0.9792   0.9131   0.9308   0.7483   0.7484
223   0.1042   -0.6764   0.6844   0.9816   0.9816   0.9152   0.9328   0.7455   0.7456
224   0.0994   -0.6887   0.6958   0.9816   0.9816   0.9152   0.9328   0.7455   0.7456
225   0.0925   -0.6956   0.7018   0.981   0.981   0.9172   0.9305   0.7427   0.7429
226   0.0929   -0.6791   0.6854   0.9792   0.9792   0.9172   0.9305   0.7427   0.7429
227   0.0936   -0.677   0.6835   0.9804   0.9804   0.9152   0.9328   0.7455   0.7456
228   0.0797   -0.6642   0.669   0.9822   0.9822   0.9131   0.9308   0.7483   0.7484
229   0.0778   -0.65   0.6547   0.9804   0.9804   0.9075   0.9295   0.7621   0.7619
230   0.0776   -0.6397   0.6444   0.981   0.981   0.9055   0.9275   0.7648   0.7646
231   0.0833   -0.6558   0.661   0.9828   0.9828   0.9039   0.9259   0.7729   0.7725
232   0.0914   -0.6262   0.6328   0.9804   0.9804   0.9039   0.9259   0.7729   0.7725
233   0.0884   -0.6198   0.6261   0.9834   0.9834   0.898   0.9243   0.7809   0.7804
234   0.0917   -0.6141   0.6209   0.9829   0.9829   0.898   0.9243   0.7809   0.7804
235   0.0856   -0.6071   0.6131   0.9816   0.9816   0.8913   0.9139   0.7826   0.7821
236   0.0919   -0.5711   0.5784   0.9822   0.9822   0.8913   0.9139   0.7826   0.7821
237   0.093   -0.5497   0.5575   0.9792   0.9792   0.898   0.9202   0.7896   0.7889
238   0.0934   -0.5408   0.5488   0.9846   0.9846   0.8961   0.9184   0.7922   0.7915
239   0.1085   -0.5484   0.5591   0.9852   0.9852   0.8966   0.9228   0.7974   0.7966
240   0.112   -0.5282   0.54   0.984   0.984   0.898   0.9202   0.8026   0.8017
241   0.1141   -0.4991   0.5119   0.9828   0.9828   0.902   0.924   0.8105   0.8094
242   0.1223   -0.4699   0.4855   0.9846   0.9846   0.9099   0.9275   0.822   0.8207
243   0.1137   -0.4488   0.463   0.9828   0.9828   0.9159   0.9333   0.8274   0.8261
244   0.1034   -0.4263   0.4387   0.9846   0.9846   0.9139   0.9356   0.83   0.8286
245   0.0996   -0.3962   0.4086   0.9828   0.9828   0.9119   0.9336   0.837   0.8355
246   0.1077   -0.3563   0.3722   0.9828   0.9828   0.9059   0.9278   0.8446   0.843
247   0.1088   -0.3428   0.3596   0.9834   0.9834   0.9039   0.93   0.8472   0.8455
248   0.1115   -0.3347   0.3528   0.981   0.981   0.8932   0.9158   0.854   0.8522
249   0.111   -0.3393   0.357   0.9822   0.9822   0.8957   0.918   0.8565   0.8547
250   0.1103   -0.3278   0.3459   0.9834   0.9834   0.898   0.9202   0.859   0.8571
251   0.1103   -0.336   0.3536   0.984   0.984   0.9004   0.9224   0.8615   0.8596
252   0.1078   -0.3296   0.3468   0.9864   0.9864   0.8985   0.9246   0.8639   0.862
253   0.092   -0.3406   0.3529   0.9858   0.9858   0.9004   0.9224   0.8615   0.8596
254   0.1035   -0.3452   0.3603   0.9858   0.9858   0.8942   0.9165   0.8553   0.8535
255   0.0969   -0.3757   0.388   0.9864   0.9864   0.8918   0.9143   0.8528   0.8511
256   0.0973   -0.3874   0.3994   0.9834   0.9834   0.902   0.9281   0.8453   0.8437
257   0.1096   -0.3992   0.414   0.984   0.984   0.9079   0.9298   0.8377   0.8362
258   0.118   -0.4353   0.4511   0.984   0.984   0.9099   0.9317   0.8308   0.8294
259   0.118   -0.4645   0.4793   0.9858   0.9858   0.9119   0.9336   0.8238   0.8225
260   0.1229   -0.4659   0.4818   0.9846   0.9846   0.9099   0.9358   0.822   0.8207
261   0.1276   -0.4585   0.4759   0.987   0.987   0.9079   0.9339   0.8202   0.819
262   0.1264   -0.4849   0.5011   0.987   0.987   0.9039   0.93   0.8166   0.8155
263   0.1268   -0.4939   0.5099   0.9881   0.9881   0.902   0.9281   0.8148   0.8137
264   0.1375   -0.4948   0.5136   0.9852   0.9852   0.9   0.9262   0.813   0.812
265   0.1298   -0.4863   0.5033   0.9858   0.9858   0.898   0.9243   0.8113   0.8102
266   0.1226   -0.5157   0.5301   0.987   0.987   0.898   0.9243   0.8113   0.8102
267   0.1249   -0.5282   0.5427   0.9864   0.9864   0.898   0.9243   0.8113   0.8102
268   0.1173   -0.5302   0.543   0.987   0.987   0.898   0.9243   0.8113   0.8102
269   0.1267   -0.5276   0.5426   0.9876   0.9876   0.902   0.9281   0.8105   0.8094
270   0.1143   -0.5523   0.564   0.9876   0.9876   0.8996   0.9259   0.8079   0.8069
271   0.1102   -0.569   0.5796   0.9911   0.9911   0.8991   0.9256   0.807   0.806
272   0.1136   -0.545   0.5568   0.9888   0.9888   0.9031   0.9212   0.8018   0.8009
273   0.1189   -0.5599   0.5724   0.9888   0.9888   0.9031   0.9212   0.8018   0.8009
274   0.1034   -0.5757   0.5849   0.9887   0.9887   0.9067   0.9247   0.8044   0.8035
275   0.1036   -0.5835   0.5926   0.9882   0.9882   0.9038   0.9179   0.7964   0.7956
276   0.1135   -0.6119   0.6223   0.9882   0.9882   0.8939   0.9087   0.7946   0.7894
277   0.1091   -0.6192   0.6287   0.9876   0.9876   0.8955   0.9017   0.7909   0.7857
278   0.1246   -0.6307   0.6429   0.9887   0.9887   0.9037   0.8966   0.7844   0.7793
279   0.1283   -0.6464   0.659   0.987   0.987   0.9057   0.8942   0.7862   0.781
280   0.121   -0.6131   0.6249   0.9893   0.9893   0.8955   0.906   0.7955   0.7902
281   0.1168   -0.5986   0.6099   0.9893   0.9893   0.8964   0.911   0.7973   0.792
282   0.111   -0.5738   0.5845   0.9899   0.9899   0.9002   0.9228   0.8071   0.8061
283   0.1127   -0.5373   0.549   0.9894   0.9894   0.8908   0.9177   0.821   0.8197
284   0.1063   -0.5044   0.5154   0.9893   0.9893   0.8898   0.9165   0.8337   0.8323
285   0.088   -0.4941   0.5019   0.9899   0.9899   0.8846   0.9153   0.8419   0.8403
286   0.0815   -0.4852   0.492   0.9876   0.9876   0.8809   0.9116   0.8426   0.841
287   0.0921   -0.492   0.5006   0.9899   0.9899   0.8827   0.9135   0.8401   0.8386
288   0.0966   -0.5132   0.5222   0.9893   0.9893   0.8846   0.9113   0.8376   0.8361
289   0.0949   -0.5325   0.5409   0.9905   0.9905   0.8903   0.9168   0.8301   0.8288
290   0.093   -0.5322   0.5403   0.9888   0.9888   0.8884   0.915   0.8283   0.827
291   0.0879   -0.553   0.56   0.9905   0.9905   0.8898   0.9165   0.8164   0.8153
292   0.0912   -0.5695   0.5768   0.9917   0.9917   0.8918   0.9184   0.8139   0.8128
293   0.1014   -0.5805   0.5892   0.9888   0.9888   0.8987   0.9212   0.8062   0.8052
294   0.0964   -0.5923   0.6001   0.9876   0.9876   0.8939   0.9087   0.7991   0.7938
295   0.1056   -0.6117   0.6207   0.9876   0.9876   0.9095   0.902   0.7981   0.7927
296   0.1196   -0.6022   0.6139   0.9899   0.9899   0.9021   0.877   0.778   0.7728
297   0.1279   -0.6249   0.6379   0.9893   0.9893   0.8818   0.8571   0.7635   0.7585
298   0.1356   -0.6632   0.677   0.9899   0.9899   0.8673   0.8381   0.7449   0.74
299   0.1565   -0.7015   0.7187   0.9917   0.9917   0.8424   0.7828   0.7065   0.7021
300   0.1747   -0.7622   0.782   0.9941   0.9941   0.7723   0.7147   0.6513   0.6479
301   0.1988   -0.891   0.9129   0.9917   0.9917   0.6933   0.6384   0.5767   0.5749
302   0.2518   -1.073   1.1022   0.9941   0.9941   0.551   0.5031   0.4626   0.4636
303   0.3251   -1.3877   1.4253   0.9941   0.9941   0.3424   0.3088   0.2879   0.2943
304   0.3838   -1.8062   1.8466   0.9929   0.9929   0.1067   0.0949   0.0711   0.0773
305   -1.0   -1.0   -1.0   0.9953   0.9953   -1.0   -1.0   0.0   0.0
306   -1.0   -1.0   -1.0   0.9923   0.9923   -1.0   -1.0   0.0   0.0
307   0.3884   -2.0036   2.0409   0.9917   0.9917   0.0369   0.0327   0.0092   0.0178
308   0.361   -1.992   2.0244   0.9929   0.9929   0.1478   0.1318   0.0609   0.0672
309   0.3115   -1.9648   1.9893   0.9935   0.9935   0.2469   0.2214   0.1152   0.1275
310   0.241   -1.9558   1.9706   0.9663   0.9663   0.3424   0.3088   0.1556   0.166
311   0.2089   -1.9368   1.948   0.9669   0.9669   0.4164   0.3771   0.1859   0.1949
312   0.1927   -1.9048   1.9145   0.964   0.964   0.4731   0.43   0.2294   0.2369
313   0.183   -1.8017   1.8109   0.9629   0.9629   0.58   0.5305   0.3267   0.3312
314   0.1704   -1.5404   1.5498   0.9641   0.9641   0.6811   0.6268   0.4396   0.4411
315   0.1485   -1.2808   1.2893   0.9634   0.9634   0.7723   0.7147   0.5476   0.5465
316   0.1452   -1.0494   1.0594   0.9646   0.9646   0.8579   0.798   0.6434   0.6404
317   0.1346   -0.8563   0.8668   0.9623   0.9623   0.8917   0.8659   0.7103   0.7062
318   0.1209   -0.72   0.7301   0.9646   0.9646   0.8959   0.8889   0.7554   0.7506
319   0.1215   -0.5998   0.612   0.9935   0.9935   0.8941   0.8874   0.7953   0.7898
320   0.1307   -0.5436   0.5591   0.9941   0.9941   0.8991   0.9009   0.8211   0.8153
321   0.1214   -0.5256   0.5394   0.9935   0.9935   0.8939   0.9087   0.8397   0.8337
322   0.1004   -0.4751   0.4856   0.9646   0.9646   0.8889   0.9038   0.84   0.8384
323   0.0883   -0.4522   0.4608   0.9652   0.9652   0.8879   0.9068   0.8527   0.851
324   0.0866   -0.3918   0.4012   0.9652   0.9652   0.887   0.9098   0.8652   0.8632
325   0.0957   -0.3629   0.3753   0.9669   0.9669   0.8841   0.9109   0.867   0.8734
326   0.0903   -0.3611   0.3722   0.9657   0.9657   0.8822   0.9091   0.8694   0.8758
327   0.0863   -0.3666   0.3766   0.9686   0.9686   0.8803   0.9073   0.8718   0.8782
328   0.0873   -0.3624   0.3728   0.9675   0.9675   0.8803   0.9073   0.8718   0.8782
329   0.0834   -0.3331   0.3434   0.9698   0.9698   0.8785   0.9054   0.8699   0.8763
330   0.0785   -0.3322   0.3413   0.9704   0.9704   0.8803   0.9073   0.8718   0.8782
331   0.0776   -0.3299   0.339   0.9704   0.9704   0.8803   0.9073   0.8718   0.8782
332   0.0728   -0.3257   0.3337   0.9698   0.9698   0.8771   0.908   0.8729   0.8833
333   0.0987   -0.3042   0.3198   0.9704   0.9704   0.8771   0.908   0.8729   0.8833
334   0.0919   -0.3075   0.321   0.9669   0.9669   0.8827   0.9135   0.8785   0.8847
335   0.0903   -0.3197   0.3322   0.9658   0.9658   0.8822   0.9091   0.8737   0.88
336   0.1028   -0.3381   0.3534   0.9681   0.9681   0.886   0.9128   0.8774   0.8837
337   0.1065   -0.3217   0.3388   0.9664   0.9664   0.886   0.9128   0.8774   0.8837
338   0.1015   -0.3155   0.3314   0.9681   0.9681   0.8898   0.9165   0.8812   0.8875
339   0.1008   -0.3221   0.3375   0.9663   0.9663   0.8918   0.9184   0.8831   0.8894
340   0.0975   -0.3188   0.3334   0.9675   0.9675   0.8918   0.9184   0.8831   0.8894
341   0.0928   -0.3009   0.3149   0.9658   0.9658   0.8918   0.9184   0.8831   0.8894
342   0.1035   -0.2794   0.298   0.9663   0.9663   0.8903   0.9209   0.886   0.8922
343   0.0972   -0.269   0.286   0.9692   0.9692   0.8884   0.919   0.8841   0.8945
344   0.0901   -0.2502   0.2659   0.9681   0.9681   0.887   0.9175   0.8827   0.8931
345   0.0979   -0.245   0.2639   0.9693   0.9693   0.887   0.9175   0.8827   0.8931
346   0.0965   -0.2481   0.2662   0.9692   0.9692   0.8889   0.9194   0.8846   0.895
347   0.0969   -0.2577   0.2753   0.9698   0.9698   0.8908   0.9212   0.8865   0.8968
348   0.076   -0.2624   0.2732   0.9739   0.9739   0.8927   0.9231   0.8884   0.8987
349   0.0777   -0.2413   0.2535   0.9721   0.9721   0.8927   0.9231   0.8884   0.8987
350   0.0799   -0.2426   0.2554   0.9716   0.9716   0.8946   0.9249   0.8903   0.9006
351   0.0836   -0.2651   0.2779   0.9704   0.9704   0.8942   0.9246   0.8898   0.9002
352   0.0775   -0.2611   0.2724   0.9715   0.9715   0.8942   0.9246   0.8898   0.9002
353   0.094   -0.2513   0.2684   0.9703   0.9703   0.8942   0.9246   0.8898   0.9002
354   0.0978   -0.2642   0.2817   0.955   0.955   0.8966   0.9268   0.8491   0.8475
355   0.0909   -0.2679   0.2829   0.9528   0.9528   0.8966   0.9268   0.8491   0.8475
356   0.1041   -0.2492   0.2701   0.9669   0.9669   0.8966   0.9268   0.8922   0.9025
357   0.1061   -0.2237   0.2476   0.9698   0.9698   0.8985   0.9246   0.8942   0.9045
358   0.0926   -0.2329   0.2506   0.9698   0.9698   0.8966   0.9228   0.8922   0.9025
359   0.0883   -0.2434   0.259   0.9555   0.9555   0.8927   0.915   0.8498   0.8523
360   0.0829   -0.2317   0.246   0.9721   0.9721   0.8946   0.9128   0.8946   0.9049
361   0.0807   -0.2301   0.2439   0.9733   0.9733   0.8985   0.9165   0.8985   0.9087
362   0.0854   -0.2108   0.2274   0.9733   0.9733   0.8985   0.9165   0.8985   0.9087
363   0.0915   -0.2118   0.2307   0.9721   0.9721   0.8985   0.9165   0.8985   0.9087
364   0.0921   -0.2123   0.2314   0.9733   0.9733   0.8985   0.9165   0.8985   0.9087
365   0.0899   -0.2241   0.2415   0.9715   0.9715   0.8985   0.9165   0.8985   0.9087
366   0.0869   -0.2315   0.2472   0.9727   0.9727   0.8985   0.9165   0.8985   0.9087
367   0.0844   -0.2478   0.2618   0.9561   0.9561   0.8985   0.9165   0.851   0.8535
368   0.0757   -0.2362   0.248   0.9751   0.9751   0.9024   0.9121   0.9024   0.9083
369   0.0653   -0.2255   0.2348   0.9733   0.9733   0.9048   0.9143   0.9048   0.9106
370   0.076   -0.2469   0.2583   0.9561   0.9561   0.9111   0.9366   0.846   0.8486
371   0.0797   -0.239   0.252   0.9733   0.9733   0.9134   0.9388   0.9048   0.9149
372   0.0827   -0.257   0.27   0.9562   0.9562   0.9154   0.9407   0.846   0.8486
373   0.0828   -0.2506   0.264   0.9572   0.9572   0.9154   0.9407   0.846   0.8486
374   0.0809   -0.2559   0.2684   0.9596   0.9596   0.9067   0.9162   0.846   0.8486
375   0.0894   -0.25   0.2655   0.9572   0.9572   0.9087   0.918   0.8478   0.8504
376   0.0826   -0.2262   0.2409   0.9709   0.9709   0.9087   0.918   0.9087   0.9188
377   0.0751   -0.2313   0.2432   0.9579   0.9579   0.9127   0.9177   0.8515   0.8541
378   0.0784   -0.2075   0.2218   0.9726   0.9726   0.9127   0.9218   0.9127   0.9227
379   0.0863   -0.1949   0.2132   0.9739   0.9739   0.9147   0.9237   0.9147   0.9247
380   0.0787   -0.2069   0.2213   0.9739   0.9739   0.9187   0.9234   0.9187   0.9287
381   0.081   -0.2182   0.2327   0.9733   0.9733   0.9227   0.9272   0.9227   0.9328
382   0.0885   -0.2065   0.2247   0.9745   0.9745   0.9248   0.925   0.9248   0.9348
383   0.0818   -0.2246   0.239   0.9745   0.9745   0.9248   0.925   0.9248   0.9348
384   0.0844   -0.2423   0.2566   0.9585   0.9585   0.9244   0.9205   0.8578   0.8603
385   0.0879   -0.2686   0.2826   0.9579   0.9579   0.922   0.9182   0.8552   0.8578
386   0.0856   -0.251   0.2651   0.9585   0.9585   0.9172   0.9137   0.8501   0.8527
387   0.0781   -0.2704   0.2814   0.9579   0.9579   0.9161   0.9126   0.8526   0.8552
388   0.0932   -0.2391   0.2566   0.9745   0.9745   0.9161   0.9126   0.9161   0.922
389   0.0984   -0.2717   0.289   0.9579   0.9579   0.9157   0.9079   0.8474   0.8501
390   0.087   -0.2582   0.2725   0.9597   0.9597   0.9128   0.9009   0.844   0.8423
391   0.103   -0.2556   0.2755   0.9584   0.9584   0.9124   0.9004   0.8433   0.8416
392   0.0955   -0.2614   0.2783   0.9596   0.9596   0.9401   0.9524   0.8433   0.8416
393   0.0953   -0.2578   0.2749   0.9613   0.9613   0.9124   0.9004   0.8433   0.8416
394   0.1022   -0.2643   0.2833   0.9597   0.9597   0.9145   0.898   0.8453   0.8435
395   0.1085   -0.2463   0.2692   0.9591   0.9591   0.9145   0.898   0.8453   0.8435
