# 2017-01-13 18:03:14.757318
# CT_x25
#  path: ../data_final/CT_x25/
#  thresholds: -457.88, 331.0
#  dc-average: 0.9771 (radius = 4)
#  dc-average (opti): 0.9771 (bestRadius: 4.0)
# MR_x25
#  path: ../data_final/MR_x25/
#  thresholds: 705.15, 2087.0
#  dc-average: 0.8943 (radius = 2)
#  dc-average (opti): 0.9145 (bestRadius: 2.12)
#  dc-average (CT-COM): 0.7664
#  dc-average (CT-COM, opti): 0.7715
# 
# sliceNr  warp_X  warp_Y  warpMagnitude  dc_CT  dc_CT_opti  dc_MR  dc_MR_opti  dc_MR_CT-COM  dc_MR_opti_CT-COM
  0     -0.1126     -1.092     1.0978     0.9813     0.9813     0.9213     0.8593     0.6324     0.6365
  1     -0.1287     -1.0923     1.0999     0.9814     0.9814     0.9265     0.8643     0.6358     0.6426
  2     -0.1358     -1.0915     1.0999     0.9806     0.9806     0.9319     0.8726     0.6434     0.6498
  3     -0.1536     -1.0799     1.0908     0.9821     0.9821     0.9403     0.8808     0.6572     0.6627
  4     -0.1557     -1.0468     1.0583     0.9825     0.9825     0.9423     0.8889     0.6583     0.6637
  5     -0.1728     -1.0487     1.0628     0.9798     0.9798     0.9397     0.8984     0.6615     0.6667
  6     -0.1639     -1.0251     1.0381     0.979     0.979     0.9401     0.9047     0.6605     0.6657
  7     -0.1886     -1.0149     1.0323     0.9798     0.9798     0.9401     0.9047     0.6605     0.6657
  8     -0.1759     -1.015     1.0301     0.9779     0.9779     0.9342     0.9078     0.6646     0.6696
  9     -0.1932     -1.0327     1.0506     0.9616     0.9616     0.9287     0.9142     0.607     0.6152
 10     -0.2003     -1.0091     1.0288     0.9772     0.9772     0.9245     0.9188     0.6647     0.6695
 11     -0.1931     -1.0221     1.0402     0.9635     0.9635     0.9245     0.9188     0.6103     0.6182
 12     -0.199     -1.0176     1.0368     0.9638     0.9638     0.9233     0.9233     0.6135     0.6213
 13     -0.2139     -1.0174     1.0397     0.9653     0.9653     0.9219     0.922     0.6156     0.6232
 14     -0.2216     -1.0156     1.0395     0.9665     0.9665     0.9192     0.9222     0.6198     0.6271
 15     -0.2201     -1.013     1.0366     0.9676     0.9676     0.9192     0.9222     0.6198     0.6271
 16     -0.2151     -1.0012     1.024     0.9684     0.9684     0.9164     0.9252     0.6239     0.631
 17     -0.22     -0.9784     1.0029     0.9665     0.9665     0.9153     0.9269     0.627     0.6339
 18     -0.2221     -0.9803     1.0052     0.9669     0.9669     0.9126     0.8996     0.6311     0.6378
 19     -0.2269     -0.9802     1.0062     0.9661     0.9661     0.9099     0.9026     0.6352     0.6416
 20     -0.2217     -0.9757     1.0006     0.9684     0.9684     0.9131     0.9056     0.6392     0.6453
 21     -0.1968     -0.9859     1.0054     0.9692     0.9692     0.9147     0.9071     0.6412     0.6472
 22     -0.1934     -0.9793     0.9982     0.9695     0.9695     0.9136     0.9088     0.6384     0.6445
 23     -0.1981     -0.9678     0.9879     0.9699     0.9699     0.9186     0.9162     0.6424     0.6511
 24     -0.187     -0.9517     0.9699     0.9714     0.9714     0.9175     0.9179     0.6454     0.6539
 25     -0.1804     -0.9469     0.9639     0.9684     0.9684     0.9182     0.9239     0.6485     0.6567
 26     -0.1596     -0.9317     0.9453     0.9676     0.9676     0.9185     0.9294     0.6552     0.6631
 27     -0.1539     -0.9041     0.9171     0.9672     0.9672     0.9187     0.9349     0.6619     0.6694
 28     -0.1437     -0.911     0.9222     0.9684     0.9684     0.9231     0.9416     0.6695     0.6765
 29     -0.1272     -0.918     0.9267     0.9707     0.9707     0.9246     0.943     0.6743     0.681
 30     -0.1285     -0.9042     0.9133     0.9711     0.9711     0.9286     0.9441     0.6743     0.6811
 31     -0.1243     -0.9057     0.9141     0.9681     0.9681     0.9303     0.9457     0.6828     0.6891
 32     -0.1162     -0.8971     0.9046     0.9699     0.9699     0.9316     0.9469     0.6838     0.69
 33     -0.1015     -0.883     0.8888     0.9722     0.9722     0.9305     0.9564     0.6922     0.698
 34     -0.1134     -0.8789     0.8861     0.973     0.973     0.9305     0.9564     0.6922     0.698
 35     -0.1156     -0.8681     0.8758     0.9729     0.9729     0.9305     0.9564     0.6922     0.698
 36     -0.1005     -0.8542     0.8601     0.9721     0.9721     0.9279     0.9565     0.6987     0.7041
 37     -0.1009     -0.8371     0.8432     0.9729     0.9729     0.9292     0.9314     0.7054     0.7105
 38     -0.0929     -0.8107     0.816     0.9745     0.9745     0.9279     0.9354     0.7072     0.7122
 39     -0.1042     -0.8043     0.811     0.9726     0.9726     0.9279     0.9354     0.7072     0.7122
 40     -0.1129     -0.804     0.8119     0.9718     0.9718     0.9279     0.9354     0.7072     0.7122
 41     -0.1068     -0.8138     0.8208     0.9737     0.9737     0.9281     0.9382     0.708     0.7156
 42     -0.0952     -0.7992     0.8049     0.9748     0.9748     0.9283     0.9436     0.7117     0.7217
 43     -0.1064     -0.7864     0.7936     0.9756     0.9756     0.9257     0.9464     0.7153     0.7251
 44     -0.1001     -0.7799     0.7863     0.973     0.973     0.9272     0.9504     0.7199     0.7294
 45     -0.0907     -0.7472     0.7527     0.9744     0.9744     0.9246     0.9557     0.7235     0.7328
 46     -0.0951     -0.762     0.7679     0.976     0.976     0.922     0.9584     0.7298     0.7388
 47     -0.0833     -0.7605     0.7651     0.9756     0.9756     0.9222     0.9611     0.7361     0.7447
 48     -0.0816     -0.7594     0.7638     0.9759     0.9759     0.9235     0.9624     0.7371     0.7457
 49     -0.0779     -0.7448     0.7489     0.9794     0.9794     0.9263     0.965     0.7399     0.7484
 50     -0.0823     -0.741     0.7456     0.979     0.979     0.9237     0.9677     0.7406     0.749
 51     -0.0775     -0.7323     0.7364     0.9775     0.9775     0.9237     0.9677     0.7406     0.749
 52     -0.062     -0.724     0.7267     0.9768     0.9768     0.925     0.9689     0.7417     0.75
 53     -0.0768     -0.7244     0.7285     0.976     0.976     0.9224     0.9716     0.7452     0.7533
 54     -0.076     -0.7245     0.7284     0.9767     0.9767     0.9199     0.9742     0.7459     0.7539
 55     -0.073     -0.7044     0.7082     0.9764     0.9764     0.9212     0.9755     0.7469     0.7549
 56     -0.0901     -0.7221     0.7277     0.9832     0.9832     0.9199     0.9742     0.7486     0.7565
 57     -0.081     -0.6955     0.7002     0.979     0.979     0.9161     0.973     0.7538     0.7614
 58     -0.0773     -0.6876     0.692     0.9794     0.9794     0.9174     0.9743     0.7548     0.7624
 59     -0.0772     -0.6946     0.6989     0.9794     0.9794     0.9174     0.9743     0.7548     0.7624
 60     -0.0698     -0.6934     0.6969     0.9794     0.9794     0.9174     0.9357     0.7576     0.765
 61     -0.078     -0.6916     0.696     0.9821     0.9821     0.9174     0.9357     0.7576     0.765
 62     -0.0882     -0.6872     0.6928     0.9832     0.9832     0.9224     0.9406     0.7618     0.769
 63     -0.0848     -0.6671     0.6725     0.9806     0.9806     0.9224     0.9432     0.7645     0.7717
 64     -0.0744     -0.6512     0.6555     0.9813     0.9813     0.9199     0.9459     0.768     0.7749
 65     -0.0734     -0.6385     0.6427     0.9802     0.9802     0.9199     0.951     0.7735     0.7801
 66     -0.0716     -0.6446     0.6485     0.9821     0.9821     0.9199     0.951     0.7735     0.7801
 67     -0.056     -0.6568     0.6592     0.9798     0.9798     0.9199     0.9536     0.7762     0.7827
 68     -0.0634     -0.65     0.6531     0.9795     0.9795     0.9212     0.9548     0.7773     0.7837
 69     -0.068     -0.6395     0.6431     0.9814     0.9814     0.9224     0.9587     0.7812     0.7874
 70     -0.0617     -0.6292     0.6322     0.9814     0.9814     0.9224     0.9587     0.7839     0.79
 71     -0.0689     -0.6171     0.6209     0.9817     0.9817     0.925     0.9637     0.7889     0.7947
 72     -0.0671     -0.6271     0.6306     0.9821     0.9821     0.925     0.9637     0.7917     0.7974
 73     -0.062     -0.6215     0.6246     0.9833     0.9833     0.9237     0.9651     0.7933     0.7989
 74     -0.0663     -0.6098     0.6134     0.9825     0.9825     0.9086     0.938     0.795     0.8005
 75     -0.0727     -0.6069     0.6112     0.9829     0.9829     0.9086     0.938     0.795     0.8005
 76     -0.0761     -0.5923     0.5972     0.9829     0.9829     0.9086     0.938     0.795     0.8005
 77     -0.072     -0.5818     0.5862     0.9836     0.9836     0.9098     0.9392     0.7961     0.8016
 78     -0.0738     -0.6001     0.6046     0.9833     0.9833     0.9098     0.9392     0.7961     0.8016
 79     -0.0812     -0.6075     0.6129     0.9832     0.9832     0.9098     0.9392     0.7961     0.8016
 80     -0.0689     -0.602     0.606     0.9837     0.9837     0.9124     0.939     0.8011     0.8063
 81     -0.0815     -0.5922     0.5977     0.9833     0.9833     0.9098     0.9366     0.8072     0.8121
 82     -0.0757     -0.5945     0.5993     0.9836     0.9836     0.9098     0.9366     0.81     0.8147
 83     -0.0697     -0.5942     0.5983     0.9825     0.9825     0.9086     0.9354     0.8116     0.8163
 84     -0.0583     -0.5855     0.5884     0.9817     0.9817     0.9098     0.9366     0.8128     0.8173
 85     -0.0608     -0.5834     0.5865     0.9805     0.9805     0.9098     0.9366     0.8155     0.82
 86     -0.048     -0.6075     0.6094     0.9661     0.9661     0.8975     0.9225     0.7618     0.769
 87     -0.0492     -0.5975     0.5996     0.9673     0.9673     0.8978     0.9253     0.7652     0.7723
 88     -0.051     -0.565     0.5673     0.981     0.981     0.8978     0.9253     0.8204     0.8246
 89     -0.0555     -0.5752     0.5779     0.9673     0.9673     0.8966     0.9266     0.7669     0.7739
 90     -0.0508     -0.5511     0.5535     0.9813     0.9813     0.8993     0.9292     0.8248     0.8288
 91     -0.0467     -0.5645     0.5664     0.968     0.968     0.9018     0.9316     0.7718     0.7785
 92     -0.0571     -0.5527     0.5557     0.9829     0.9829     0.9018     0.9316     0.8271     0.8309
 93     -0.0624     -0.5564     0.5599     0.971     0.971     0.9018     0.9316     0.7718     0.7785
 94     -0.0567     -0.5559     0.5588     0.9695     0.9695     0.9046     0.9368     0.7801     0.7864
 95     -0.0615     -0.5503     0.5537     0.9691     0.9691     0.9033     0.9356     0.779     0.7853
 96     -0.0655     -0.5526     0.5564     0.9718     0.9718     0.9033     0.9356     0.7818     0.788
 97     -0.0486     -0.569     0.5711     0.9725     0.9725     0.9033     0.9356     0.7818     0.788
 98     -0.0598     -0.5748     0.5779     0.9734     0.9734     0.9023     0.9397     0.7868     0.7927
 99     -0.0596     -0.559     0.5622     0.973     0.973     0.9036     0.9409     0.7879     0.7937
100     -0.0651     -0.5729     0.5766     0.973     0.973     0.9036     0.9409     0.7879     0.7937
101     -0.0586     -0.5797     0.5826     0.9703     0.9703     0.9023     0.9397     0.7868     0.7927
102     -0.0558     -0.5688     0.5715     0.9722     0.9722     0.9023     0.9397     0.7868     0.7927
103     -0.0506     -0.5598     0.5621     0.9726     0.9726     0.9023     0.9397     0.7868     0.7927
104     -0.0591     -0.5765     0.5795     0.9753     0.9753     0.9023     0.9397     0.7868     0.7927
105     -0.0541     -0.5715     0.574     0.9772     0.9772     0.9023     0.9397     0.7868     0.7927
106     -0.0458     -0.5755     0.5773     0.9768     0.9768     0.9023     0.9397     0.7868     0.7927
107     -0.051     -0.5707     0.573     0.9764     0.9764     0.9023     0.9397     0.7868     0.7927
108     -0.055     -0.5722     0.5748     0.9783     0.9783     0.9023     0.9397     0.7868     0.7927
109     -0.0617     -0.5668     0.5702     0.9771     0.9771     0.9011     0.9385     0.7885     0.7943
110     -0.0564     -0.5709     0.5737     0.9764     0.9764     0.9011     0.9385     0.7885     0.7943
111     -0.0462     -0.5797     0.5815     0.976     0.976     0.9011     0.9385     0.7885     0.7943
112     -0.0511     -0.5751     0.5774     0.9779     0.9779     0.9011     0.9385     0.7885     0.7943
113     -0.0651     -0.5624     0.5662     0.9794     0.9794     0.9011     0.9385     0.7885     0.7943
114     -0.0596     -0.5716     0.5747     0.9787     0.9787     0.9011     0.9385     0.7885     0.7943
115     -0.054     -0.558     0.5606     0.9768     0.9768     0.9011     0.9385     0.7885     0.7943
116     -0.0538     -0.58     0.5825     0.9791     0.9791     0.9011     0.9385     0.7885     0.7943
117     -0.052     -0.5786     0.5809     0.9787     0.9787     0.9011     0.9385     0.7885     0.7943
118     -0.0501     -0.5719     0.5741     0.9787     0.9787     0.9011     0.9385     0.7885     0.7943
119     -0.0439     -0.5852     0.5868     0.9768     0.9768     0.9011     0.9385     0.7885     0.7943
120     -0.0583     -0.5884     0.5913     0.9787     0.9787     0.9011     0.9385     0.7885     0.7943
121     -0.0399     -0.584     0.5854     0.979     0.979     0.9011     0.9385     0.7885     0.7943
122     -0.0529     -0.5912     0.5936     0.9779     0.9779     0.9008     0.9383     0.7879     0.7937
123     -0.046     -0.6003     0.6021     0.9809     0.9809     0.9021     0.9395     0.789     0.7948
124     -0.0381     -0.6092     0.6104     0.9821     0.9821     0.9021     0.9395     0.789     0.7948
125     -0.0421     -0.6242     0.6257     0.9813     0.9813     0.9021     0.9395     0.789     0.7948
126     -0.0278     -0.6308     0.6314     0.9817     0.9817     0.9021     0.9395     0.789     0.7948
127     -0.0215     -0.6187     0.619     0.9795     0.9795     0.9021     0.9395     0.789     0.7948
128     -0.0144     -0.6138     0.6139     0.9798     0.9798     0.9036     0.9409     0.7906     0.7963
129     -0.0229     -0.6013     0.6017     0.9806     0.9806     0.9036     0.9409     0.7906     0.7963
130     -0.0332     -0.6197     0.6206     0.9821     0.9821     0.9036     0.9409     0.7906     0.7963
131     -0.0259     -0.608     0.6085     0.9802     0.9802     0.9036     0.9409     0.7906     0.7963
132     -0.0313     -0.6155     0.6163     0.9798     0.9798     0.9023     0.9422     0.7923     0.7979
133     -0.024     -0.6107     0.6112     0.9806     0.9806     0.9023     0.9422     0.7923     0.7979
134     -0.0244     -0.6031     0.6036     0.9829     0.9829     0.9023     0.9422     0.7923     0.7979
135     -0.0232     -0.6106     0.6111     0.981     0.981     0.9036     0.9434     0.7934     0.799
136     -0.0295     -0.6294     0.6301     0.9829     0.9829     0.9023     0.9422     0.795     0.8005
137     -0.0289     -0.6152     0.6159     0.9814     0.9814     0.8996     0.9397     0.7978     0.8031
138     -0.0307     -0.6246     0.6253     0.981     0.981     0.8971     0.9373     0.8011     0.8062
139     -0.0271     -0.6056     0.6062     0.981     0.981     0.8971     0.9373     0.8011     0.8062
140     -0.0212     -0.6066     0.607     0.9821     0.9821     0.8971     0.9373     0.8011     0.8062
141     -0.0231     -0.5946     0.595     0.9813     0.9813     0.8986     0.9386     0.8027     0.8078
142     -0.018     -0.612     0.6123     0.9825     0.9825     0.8974     0.9374     0.8016     0.8067
143     -0.006     -0.6267     0.6267     0.9806     0.9806     0.895     0.9376     0.8022     0.8072
144     -0.0065     -0.6492     0.6492     0.9787     0.9787     0.8937     0.9364     0.8011     0.8062
145     -0.0113     -0.6406     0.6407     0.9791     0.9791     0.8937     0.9364     0.8011     0.8062
146     -0.0045     -0.637     0.637     0.9794     0.9794     0.8937     0.9364     0.8011     0.8062
147     0.0072     -0.6475     0.6476     0.9779     0.9779     0.8937     0.9364     0.8011     0.8062
148     -0.0071     -0.6557     0.6557     0.9772     0.9772     0.895     0.9376     0.8022     0.8072
149     -0.0134     -0.6514     0.6516     0.9787     0.9787     0.895     0.9376     0.8022     0.8072
150     -0.0069     -0.663     0.663     0.9776     0.9776     0.8934     0.9362     0.8005     0.8057
151     -0.0086     -0.6597     0.6597     0.9795     0.9795     0.8959     0.9386     0.8     0.8052
152     -0.0018     -0.6538     0.6538     0.9779     0.9779     0.8984     0.9385     0.7967     0.8021
153     -0.0063     -0.6582     0.6582     0.9775     0.9775     0.8984     0.9385     0.7967     0.8021
154     -0.0096     -0.6811     0.6812     0.9669     0.9669     0.8984     0.9385     0.7418     0.75
155     -0.0105     -0.6692     0.6692     0.9791     0.9791     0.8984     0.9385     0.7967     0.8021
156     -0.0082     -0.6748     0.6749     0.9798     0.9798     0.8984     0.9385     0.7967     0.8021
157     -0.0158     -0.67     0.6702     0.9779     0.9779     0.8984     0.9385     0.7967     0.8021
158     -0.0053     -0.66     0.66     0.9783     0.9783     0.8996     0.9397     0.795     0.8005
159     -0.0013     -0.6714     0.6714     0.9787     0.9787     0.8996     0.9397     0.795     0.8005
160     -0.0016     -0.6787     0.6787     0.9775     0.9775     0.8996     0.9397     0.795     0.8005
161     0.0025     -0.6691     0.6691     0.9767     0.9767     0.8996     0.9397     0.795     0.8005
162     0.0098     -0.6761     0.6761     0.976     0.976     0.8996     0.9397     0.795     0.8005
163     0.0054     -0.6863     0.6864     0.966     0.966     0.8984     0.941     0.7418     0.75
164     0.0112     -0.6889     0.689     0.9664     0.9664     0.8984     0.941     0.7418     0.75
165     0.0116     -0.6842     0.6843     0.9653     0.9653     0.8984     0.941     0.7445     0.7526
166     0.0137     -0.6871     0.6873     0.9653     0.9653     0.8996     0.9422     0.7428     0.751
167     0.0074     -0.6971     0.6972     0.9668     0.9668     0.8996     0.9422     0.7428     0.751
168     0.013     -0.6936     0.6937     0.9684     0.9684     0.8996     0.9422     0.7428     0.751
169     0.0093     -0.6988     0.6988     0.9676     0.9676     0.8996     0.9422     0.7428     0.751
170     0.008     -0.6954     0.6954     0.9669     0.9669     0.9021     0.9395     0.7421     0.7503
171     0.0091     -0.6861     0.6862     0.9682     0.9682     0.9021     0.9395     0.7421     0.7503
172     0.0157     -0.6796     0.6798     0.9676     0.9676     0.9021     0.9395     0.7421     0.7503
173     -1.0     -1.0     -1.0     -1.0     -1.0     0.9021     0.9395     -1.0     -1.0
174     -1.0     -1.0     -1.0     -1.0     -1.0     0.9008     0.9409     -1.0     -1.0
175     -1.0     -1.0     -1.0     -1.0     -1.0     0.9008     0.9409     -1.0     -1.0
176     -1.0     -1.0     -1.0     -1.0     -1.0     0.8996     0.9397     -1.0     -1.0
177     -1.0     -1.0     -1.0     -1.0     -1.0     0.8984     0.941     -1.0     -1.0
178     -1.0     -1.0     -1.0     -1.0     -1.0     0.8984     0.941     -1.0     -1.0
179     -1.0     -1.0     -1.0     -1.0     -1.0     0.8984     0.941     -1.0     -1.0
180     -1.0     -1.0     -1.0     -1.0     -1.0     0.8984     0.941     -1.0     -1.0
181     -1.0     -1.0     -1.0     -1.0     -1.0     0.8996     0.9397     -1.0     -1.0
182     -1.0     -1.0     -1.0     -1.0     -1.0     0.9008     0.9383     -1.0     -1.0
183     -1.0     -1.0     -1.0     -1.0     -1.0     0.9008     0.9383     -1.0     -1.0
184     -1.0     -1.0     -1.0     -1.0     -1.0     0.9008     0.9383     -1.0     -1.0
185     -1.0     -1.0     -1.0     -1.0     -1.0     0.9008     0.9383     -1.0     -1.0
186     -1.0     -1.0     -1.0     -1.0     -1.0     0.9008     0.9383     -1.0     -1.0
187     -1.0     -1.0     -1.0     -1.0     -1.0     0.9008     0.9383     -1.0     -1.0
188     -1.0     -1.0     -1.0     -1.0     -1.0     0.9008     0.9383     -1.0     -1.0
189     -1.0     -1.0     -1.0     -1.0     -1.0     0.9021     0.9395     -1.0     -1.0
190     -1.0     -1.0     -1.0     -1.0     -1.0     0.9021     0.9395     -1.0     -1.0
191     -1.0     -1.0     -1.0     -1.0     -1.0     0.9033     0.9381     -1.0     -1.0
192     -1.0     -1.0     -1.0     -1.0     -1.0     0.9046     0.9394     -1.0     -1.0
193     -1.0     -1.0     -1.0     -1.0     -1.0     0.9058     0.9406     -1.0     -1.0
194     0.0437     -0.7076     0.7089     0.9651     0.9651     0.9046     0.9394     0.7497     0.7575
195     0.0419     -0.7035     0.7048     0.9661     0.9661     0.9046     0.9394     0.7497     0.7575
196     0.0392     -0.7021     0.7032     0.9689     0.9689     0.9046     0.9394     0.7497     0.7575
197     0.0405     -0.6948     0.696     0.97     0.97     0.9021     0.9395     0.7503     0.7582
198     0.042     -0.6933     0.6946     0.9707     0.9707     0.9033     0.9407     0.7514     0.7592
199     0.0456     -0.6908     0.6923     0.9703     0.9703     0.9021     0.9421     0.7531     0.7608
200     0.0524     -0.6964     0.6983     0.9696     0.9696     0.9046     0.9394     0.7524     0.7602
201     0.0579     -0.7005     0.7029     0.9707     0.9707     0.9058     0.9406     0.7535     0.7612
202     0.0617     -0.705     0.7077     0.9696     0.9696     0.9071     0.9418     0.7545     0.7622
203     0.0674     -0.696     0.6992     0.9699     0.9699     0.9096     0.9416     0.7538     0.7615
204     0.0721     -0.6952     0.6989     0.9691     0.9691     0.9096     0.9416     0.7538     0.7615
205     0.0745     -0.697     0.7009     0.9703     0.9703     0.9109     0.9429     0.7549     0.7625
206     0.0748     -0.6938     0.6978     0.971     0.971     0.9121     0.9441     0.7531     0.7609
207     0.0695     -0.6954     0.6989     0.9707     0.9707     0.9134     0.9427     0.7542     0.7619
208     0.073     -0.6947     0.6985     0.971     0.971     0.916     0.9452     0.7563     0.7639
209     0.0724     -0.6872     0.691     0.9706     0.9706     0.916     0.9452     0.7563     0.7639
210     0.0755     -0.6825     0.6867     0.9699     0.9699     0.9198     0.941     0.7539     0.7617
211     0.0716     -0.6841     0.6878     0.9703     0.9703     0.9211     0.9423     0.7549     0.7627
212     0.0742     -0.6954     0.6994     0.9703     0.9703     0.9211     0.9423     0.7549     0.7627
213     0.0747     -0.6897     0.6938     0.9726     0.9726     0.9198     0.941     0.7595     0.767
214     0.0661     -0.6846     0.6878     0.9707     0.9707     0.9198     0.941     0.7623     0.7696
215     0.0736     -0.6777     0.6817     0.9696     0.9696     0.9198     0.9436     0.7651     0.7723
216     0.069     -0.666     0.6696     0.9719     0.9719     0.9198     0.9436     0.7651     0.7723
217     0.0739     -0.669     0.6731     0.9718     0.9718     0.917     0.9253     0.7679     0.775
218     0.0774     -0.6639     0.6684     0.9704     0.9704     0.9185     0.9293     0.7725     0.7793
219     0.0736     -0.6525     0.6567     0.9708     0.9708     0.9185     0.9293     0.7725     0.7793
220     0.0838     -0.6698     0.6751     0.986     0.986     0.9196     0.9277     0.7701     0.777
221     0.0855     -0.6797     0.6851     0.9882     0.9882     0.9181     0.9263     0.7684     0.7754
222     0.0956     -0.6728     0.6796     0.9886     0.9886     0.925     0.946     0.7666     0.7738
223     0.1041     -0.6769     0.6848     0.9894     0.9894     0.929     0.9444     0.7642     0.7715
224     0.0996     -0.6894     0.6966     0.9897     0.9897     0.929     0.9444     0.7642     0.7715
225     0.0928     -0.6968     0.703     0.9901     0.9901     0.9316     0.9469     0.7607     0.7682
226     0.0932     -0.6799     0.6863     0.9878     0.9878     0.9316     0.9469     0.7607     0.7682
227     0.0939     -0.6774     0.6839     0.9878     0.9878     0.929     0.9444     0.7642     0.7715
228     0.0798     -0.6639     0.6687     0.9707     0.9707     0.9165     0.9275     0.7694     0.7764
229     0.0776     -0.6497     0.6544     0.9714     0.9714     0.914     0.9277     0.7701     0.777
230     0.0772     -0.6395     0.6442     0.9699     0.9699     0.916     0.9295     0.7759     0.7825
231     0.0827     -0.6562     0.6614     0.9711     0.9711     0.9147     0.9309     0.7776     0.7841
232     0.0906     -0.6269     0.6334     0.9897     0.9897     0.9121     0.9311     0.781     0.7873
233     0.0878     -0.6205     0.6267     0.992     0.992     0.9096     0.9339     0.7844     0.7905
234     0.0911     -0.6149     0.6216     0.9901     0.9901     0.9033     0.9356     0.7928     0.7984
235     0.0855     -0.6075     0.6135     0.9886     0.9886     0.9061     0.9381     0.7956     0.801
236     0.0917     -0.5709     0.5783     0.9905     0.9905     0.9073     0.9419     0.8022     0.8073
237     0.093     -0.5497     0.5575     0.9905     0.9905     0.9073     0.9419     0.8077     0.8126
238     0.093     -0.5405     0.5484     0.9913     0.9913     0.9086     0.9432     0.8116     0.8163
239     0.1078     -0.5491     0.5596     0.9943     0.9943     0.9111     0.9456     0.8139     0.8184
240     0.1114     -0.5292     0.5408     0.9939     0.9939     0.9136     0.9455     0.8217     0.8259
241     0.1142     -0.5011     0.514     0.9928     0.9928     0.916     0.9269     0.8263     0.8302
242     0.1219     -0.4719     0.4874     0.992     0.992     0.9173     0.9307     0.8303     0.834
243     0.1135     -0.4501     0.4642     0.9932     0.9932     0.916     0.9295     0.8319     0.8355
244     0.1037     -0.4268     0.4393     0.9939     0.9939     0.9198     0.9358     0.8383     0.8415
245     0.1001     -0.3966     0.4091     0.9939     0.9939     0.9239     0.9423     0.8507     0.8533
246     0.1084     -0.3564     0.3725     0.9916     0.9916     0.9201     0.9438     0.8583     0.8606
247     0.1091     -0.343     0.3599     0.9905     0.9905     0.9175     0.9439     0.8615     0.8636
248     0.112     -0.3344     0.3526     0.9901     0.9901     0.9136     0.9455     0.8607     0.8654
249     0.1111     -0.339     0.3567     0.9901     0.9901     0.9098     0.9444     0.8655     0.8699
250     0.1102     -0.3276     0.3456     0.9912     0.9912     0.9061     0.9433     0.8674     0.8743
251     0.1099     -0.3356     0.3532     0.9924     0.9924     0.9061     0.9433     0.8674     0.8743
252     0.1077     -0.3295     0.3466     0.9928     0.9928     0.9048     0.9241     0.8717     0.8784
253     0.092     -0.3404     0.3526     0.97     0.97     0.9048     0.9447     0.8717     0.8732
254     0.1036     -0.3456     0.3608     0.9935     0.9935     0.9048     0.9447     0.8634     0.8706
255     0.0975     -0.3751     0.3876     0.9723     0.9723     0.9048     0.9421     0.8634     0.8654
256     0.0981     -0.3871     0.3993     0.9712     0.9712     0.9086     0.9432     0.856     0.8583
257     0.1102     -0.3993     0.4142     0.9912     0.9912     0.9111     0.9404     0.8472     0.85
258     0.118     -0.4361     0.4517     0.992     0.992     0.9175     0.9361     0.8392     0.8424
259     0.1179     -0.4658     0.4805     0.9928     0.9928     0.916     0.9321     0.8347     0.8382
260     0.1231     -0.4674     0.4833     0.9943     0.9943     0.9147     0.9309     0.8336     0.8371
261     0.1273     -0.46     0.4773     0.9943     0.9943     0.9147     0.9309     0.8336     0.8371
262     0.1263     -0.4858     0.5019     0.9935     0.9935     0.9134     0.9297     0.8324     0.836
263     0.1264     -0.4952     0.5111     0.9958     0.9958     0.9109     0.9273     0.8301     0.8338
264     0.1369     -0.4963     0.5148     0.9928     0.9928     0.9096     0.9261     0.8289     0.8327
265     0.1293     -0.4872     0.5041     0.9928     0.9928     0.9096     0.9261     0.8289     0.8327
266     0.1219     -0.5165     0.5307     0.9931     0.9931     0.9083     0.9249     0.8278     0.8316
267     0.1253     -0.5292     0.5438     0.9935     0.9935     0.9083     0.9249     0.8278     0.8316
268     0.1176     -0.5317     0.5446     0.9943     0.9943     0.9081     0.9247     0.8245     0.8285
269     0.1266     -0.5287     0.5437     0.9954     0.9954     0.9081     0.9247     0.8245     0.8285
270     0.1149     -0.5536     0.5654     0.9932     0.9932     0.9162     0.9427     0.8212     0.8254
271     0.1106     -0.57     0.5806     0.9734     0.9734     0.9201     0.9412     0.8191     0.8234
272     0.1144     -0.5462     0.558     0.992     0.992     0.9201     0.9412     0.8191     0.8234
273     0.1199     -0.5614     0.574     0.9939     0.9939     0.9224     0.9435     0.8152     0.8198
274     0.1041     -0.5769     0.5863     0.9714     0.9714     0.9233     0.9392     0.8125     0.8172
275     0.1047     -0.5847     0.594     0.9722     0.9722     0.9229     0.9362     0.8086     0.8135
276     0.114     -0.6127     0.6233     0.9695     0.9695     0.9266     0.9344     0.8     0.8054
277     0.1083     -0.6201     0.6295     0.9699     0.9699     0.9186     0.9243     0.8023     0.7995
278     0.123     -0.6314     0.6432     0.9962     0.9962     0.9226     0.9281     0.7912     0.7917
279     0.1266     -0.6471     0.6593     0.9951     0.9951     0.9188     0.9191     0.7858     0.7838
280     0.1199     -0.6142     0.6258     0.9951     0.9951     0.9199     0.9256     0.7977     0.7978
281     0.1182     -0.5985     0.6101     0.9958     0.9958     0.9185     0.9321     0.8126     0.8146
282     0.1118     -0.5741     0.5849     0.9715     0.9715     0.9196     0.9356     0.8237     0.8278
283     0.1132     -0.5377     0.5495     0.9745     0.9745     0.9038     0.9259     0.834     0.8375
284     0.1068     -0.5051     0.5163     0.9734     0.9734     0.8996     0.9243     0.8446     0.8475
285     0.088     -0.4946     0.5023     0.973     0.973     0.891     0.9237     0.8501     0.8527
286     0.0812     -0.4853     0.4921     0.9752     0.9752     0.8889     0.9241     0.8564     0.8586
287     0.0916     -0.4928     0.5012     0.9745     0.9745     0.8925     0.925     0.8517     0.8542
288     0.0961     -0.5139     0.5228     0.9753     0.9753     0.8922     0.9248     0.8458     0.8486
289     0.0948     -0.5335     0.5418     0.9753     0.9753     0.8959     0.9233     0.8411     0.8442
290     0.0931     -0.533     0.5411     0.9764     0.9764     0.8984     0.9256     0.8379     0.8411
291     0.0882     -0.5536     0.5606     0.976     0.976     0.9006     0.9253     0.8315     0.8351
292     0.0917     -0.5708     0.5781     0.9787     0.9787     0.9073     0.9368     0.8271     0.8309
293     0.1025     -0.581     0.59     0.9756     0.9756     0.9144     0.9359     0.8191     0.8234
294     0.0973     -0.5923     0.6003     0.9764     0.9764     0.9182     0.9319     0.8149     0.8168
295     0.1034     -0.612     0.6207     0.9764     0.9764     0.9199     0.9201     0.8012     0.7955
296     0.1177     -0.6023     0.6137     0.9753     0.9753     0.9299     0.9068     0.7927     0.7845
297     0.1287     -0.6252     0.6383     0.9753     0.9753     0.9279     0.8841     0.7806     0.7699
298     0.1347     -0.6649     0.6784     0.973     0.973     0.8926     0.828     0.7504     0.7349
299     0.154     -0.7011     0.7178     0.9608     0.9608     0.8596     0.7893     0.6781     0.6667
300     0.1747     -0.7607     0.7805     0.973     0.973     0.7824     0.7145     0.6691     0.6508
301     0.1948     -0.8919     0.9129     0.9623     0.9623     0.6864     0.6225     0.5444     0.5302
302     0.2445     -1.0743     1.1018     0.9635     0.9635     0.5647     0.5078     0.4397     0.4286
303     0.3226     -1.3844     1.4215     0.9737     0.9737     0.3636     0.3224     0.3145     0.2998
304     0.3924     -1.8096     1.8516     0.9742     0.9742     0.1026     0.0893     0.0798     0.0767
305     -1.0     -1.0     -1.0     0.9761     0.9761     -1.0     -1.0     0.0     0.0
306     -1.0     -1.0     -1.0     0.976     0.976     -1.0     -1.0     0.0     0.0
307     0.3938     -1.9921     2.0307     0.9783     0.9783     0.0526     0.0457     0.0292     0.0314
308     0.3591     -1.9938     2.0258     0.9655     0.9655     0.1551     0.1356     0.0499     0.0499
309     0.308     -1.9668     1.9907     0.9791     0.9791     0.2611     0.2299     0.1305     0.1371
310     0.2394     -1.9546     1.9692     0.9647     0.9647     0.3392     0.3002     0.1247     0.1315
311     0.2108     -1.933     1.9444     0.9814     0.9814     0.4181     0.3721     0.209     0.2213
312     0.191     -1.9059     1.9154     0.9788     0.9788     0.4864     0.435     0.2455     0.2583
313     0.1811     -1.8012     1.8103     0.9662     0.9662     0.5769     0.5192     0.2778     0.2874
314     0.1705     -1.5404     1.5498     0.9799     0.9799     0.6941     0.6299     0.4667     0.4655
315     0.1513     -1.2809     1.2898     0.9667     0.9667     0.7824     0.7145     0.5229     0.5179
316     0.1468     -1.0485     1.0587     0.9666     0.9666     0.8596     0.7893     0.6062     0.5994
317     0.1328     -0.8562     0.8665     0.9655     0.9655     0.9058     0.8473     0.6688     0.6616
318     0.1228     -0.7199     0.7303     0.9655     0.9655     0.8986     0.8773     0.7176     0.7078
319     0.1225     -0.5992     0.6116     0.965     0.965     0.9072     0.9056     0.7635     0.7571
320     0.1292     -0.5434     0.5585     0.9677     0.9677     0.9029     0.8962     0.7765     0.7722
321     0.12     -0.525     0.5385     0.9674     0.9674     0.9059     0.9098     0.7931     0.788
322     0.1013     -0.4745     0.4852     0.9681     0.9681     0.9047     0.9192     0.8023     0.8022
323     0.0908     -0.452     0.461     0.9685     0.9685     0.9073     0.9241     0.8174     0.8191
324     0.0882     -0.3909     0.4007     0.9692     0.9692     0.9015     0.9159     0.8294     0.8331
325     0.0961     -0.3619     0.3744     0.9799     0.9799     0.8968     0.9217     0.8831     0.8892
326     0.0904     -0.3602     0.3714     0.9673     0.9673     0.8974     0.9246     0.8399     0.8457
327     0.0869     -0.3656     0.3758     0.9688     0.9688     0.895     0.9248     0.8431     0.8486
328     0.0876     -0.3615     0.372     0.97     0.97     0.8965     0.9288     0.8474     0.8527
329     0.0837     -0.3322     0.3426     0.9697     0.9697     0.8977     0.9299     0.8486     0.8538
330     0.0783     -0.3315     0.3406     0.9697     0.9697     0.8977     0.9299     0.8486     0.8538
331     0.0774     -0.3293     0.3382     0.9704     0.9704     0.8965     0.9288     0.8501     0.8553
332     0.0726     -0.325     0.333     0.97     0.97     0.8995     0.9289     0.856     0.8608
333     0.0983     -0.3037     0.3192     0.9696     0.9696     0.9004     0.9299     0.854     0.859
334     0.0919     -0.3073     0.3208     0.9724     0.9724     0.9014     0.9309     0.8521     0.8571
335     0.0903     -0.3193     0.3318     0.9742     0.9742     0.9014     0.9309     0.8521     0.8571
336     0.1023     -0.3381     0.3533     0.9708     0.9708     0.9026     0.9296     0.8532     0.8583
337     0.1064     -0.3212     0.3384     0.9697     0.9697     0.9038     0.9282     0.8516     0.8568
338     0.102     -0.3156     0.3317     0.9716     0.9716     0.9051     0.9294     0.8501     0.8553
339     0.1011     -0.3222     0.3377     0.9731     0.9731     0.9061     0.9304     0.8508     0.856
340     0.0981     -0.3184     0.3332     0.9712     0.9712     0.9088     0.933     0.8536     0.8586
341     0.0934     -0.3003     0.3145     0.9715     0.9715     0.9078     0.9345     0.8583     0.8631
342     0.1037     -0.2788     0.2975     0.9723     0.9723     0.9093     0.9359     0.8599     0.8646
343     0.0976     -0.2689     0.286     0.9711     0.9711     0.9083     0.9349     0.8618     0.869
344     0.0906     -0.2502     0.2661     0.9711     0.9711     0.9083     0.9349     0.8646     0.8716
345     0.0979     -0.2456     0.2644     0.97     0.97     0.9074     0.9364     0.8692     0.876
346     0.0969     -0.2485     0.2667     0.9715     0.9715     0.9074     0.9364     0.8692     0.876
347     0.097     -0.2583     0.2759     0.9735     0.9735     0.9098     0.9388     0.8716     0.8782
348     0.0762     -0.2632     0.274     0.9753     0.9753     0.9108     0.9373     0.8697     0.8765
349     0.0775     -0.2422     0.2543     0.9761     0.9761     0.9121     0.9359     0.8709     0.8776
350     0.0798     -0.2428     0.2556     0.9739     0.9739     0.9121     0.9359     0.8709     0.8776
351     0.0844     -0.2653     0.2784     0.973     0.973     0.9144     0.9381     0.8702     0.8743
352     0.078     -0.2609     0.2723     0.9742     0.9742     0.9156     0.9394     0.8714     0.8755
353     0.0951     -0.2514     0.2688     0.9719     0.9719     0.9169     0.9406     0.8726     0.8766
354     0.0979     -0.2644     0.282     0.9779     0.9779     0.9184     0.9419     0.8741     0.8807
355     0.0915     -0.2678     0.283     0.9761     0.9761     0.9199     0.9433     0.8757     0.8822
356     0.1043     -0.249     0.2699     0.9726     0.9726     0.9212     0.9445     0.8769     0.8834
357     0.1069     -0.2236     0.2479     0.9746     0.9746     0.9212     0.9445     0.8769     0.8834
358     0.0931     -0.2327     0.2506     0.9765     0.9765     0.9212     0.9471     0.8769     0.8834
359     0.0889     -0.2432     0.259     0.9775     0.9775     0.9129     0.9265     0.8769     0.8834
360     0.083     -0.2314     0.2459     0.9767     0.9767     0.9129     0.9265     0.8769     0.8834
361     0.081     -0.2301     0.2439     0.9764     0.9764     0.9154     0.9288     0.8793     0.8857
362     0.0857     -0.2109     0.2276     0.9745     0.9745     0.9169     0.9302     0.8809     0.8871
363     0.092     -0.2121     0.2312     0.9742     0.9742     0.9194     0.9301     0.8806     0.8868
364     0.0919     -0.2123     0.2314     0.9741     0.9741     0.9194     0.9301     0.8806     0.8868
365     0.0899     -0.2248     0.2421     0.9759     0.9759     0.9194     0.9301     0.8806     0.8868
366     0.087     -0.2316     0.2474     0.9756     0.9756     0.9194     0.9301     0.8806     0.8868
367     0.0847     -0.2481     0.2621     0.9794     0.9794     0.9179     0.9287     0.879     0.8854
368     0.0761     -0.2366     0.2485     0.9787     0.9787     0.9192     0.9299     0.8802     0.8865
369     0.0662     -0.2252     0.2347     0.9779     0.9779     0.9231     0.9257     0.8755     0.8821
370     0.0763     -0.2467     0.2582     0.9763     0.9763     0.9315     0.9544     0.8755     0.8821
371     0.0799     -0.2388     0.2518     0.9764     0.9764     0.9315     0.9544     0.8755     0.8821
372     0.0828     -0.2565     0.2695     0.9772     0.9772     0.9315     0.9544     0.8755     0.8821
373     0.0834     -0.25     0.2636     0.9794     0.9794     0.9341     0.9569     0.878     0.8845
374     0.0811     -0.2547     0.2673     0.9805     0.9805     0.9257     0.9281     0.878     0.8845
375     0.0899     -0.25     0.2657     0.9809     0.9809     0.9257     0.9281     0.878     0.8845
376     0.0834     -0.2262     0.2411     0.9794     0.9794     0.927     0.9293     0.8792     0.8856
377     0.0754     -0.2311     0.2431     0.9806     0.9806     0.9283     0.9305     0.8805     0.8868
378     0.0791     -0.2074     0.222     0.9782     0.9782     0.9285     0.9333     0.8836     0.8898
379     0.0865     -0.195     0.2134     0.9802     0.9802     0.9311     0.9358     0.8861     0.8921
380     0.0788     -0.2073     0.2217     0.9795     0.9795     0.9309     0.933     0.8829     0.8892
381     0.0816     -0.2181     0.2329     0.9809     0.9809     0.9309     0.933     0.8829     0.8892
382     0.0889     -0.2063     0.2247     0.9787     0.9787     0.8955     0.9105     0.8842     0.8904
383     0.0828     -0.2243     0.2391     0.9813     0.9813     0.8952     0.9103     0.8867     0.8928
384     0.0859     -0.2414     0.2563     0.9806     0.9806     0.899     0.9086     0.8819     0.8883
385     0.0896     -0.2676     0.2822     0.9821     0.9821     0.9003     0.9072     0.8803     0.8868
386     0.0872     -0.2498     0.2646     0.9821     0.9821     0.9003     0.9072     0.8803     0.8868
387     0.0799     -0.2694     0.281     0.9825     0.9825     0.9041     0.9055     0.8784     0.885
388     0.0945     -0.2378     0.2559     0.9791     0.9791     0.9052     0.9064     0.8793     0.8859
389     0.0993     -0.2706     0.2883     0.9821     0.9821     0.9104     0.9086     0.8815     0.888
390     0.0881     -0.2575     0.2721     0.9829     0.9829     0.907     0.9027     0.8779     0.8819
391     0.1044     -0.2546     0.2752     0.9783     0.9783     0.9067     0.8997     0.8776     0.8788
392     0.0967     -0.2599     0.2773     0.984     0.984     0.9067     0.8997     0.8776     0.8788
393     0.0967     -0.2559     0.2735     0.9817     0.9817     0.9051     0.8982     0.8759     0.8772
394     0.1036     -0.2627     0.2824     0.9833     0.9833     0.9062     0.8992     0.8768     0.8781
395     0.1101     -0.2452     0.2688     0.981     0.981     0.9062     0.8992     0.8768     0.8781
