#2016-12-13 09:14:05.949186


sliceNumber   distortionX   distortionY   distortionNorm   dice_CT   dice_MR
  0   -0.11882981286352301   -1.0795848532028458   1.086104957953047   0.9572953736654805   0.9267399267399268
  1   -0.13503617904328635   -1.0788894854889506   1.087307358362493   0.9579134558387671   0.9306569343065694
  2   -0.14273650617724876   -1.0772994977591637   1.0867142761866313   0.9561611374407583   0.9326047358834244
  3   -0.16150796432656822   -1.0673068419830969   1.079457603375345   0.9572446555819477   0.9289617486338798
  4   -0.1638510919566727   -1.0351016438403526   1.0479897868855375   0.957345971563981   0.8985507246376812
  5   -0.1812379982397445   -1.0381375381093996   1.0538390579390169   0.9578635014836795   0.8989169675090253
  6   -0.1726772423528926   -1.0157789356029383   1.0303515303241113   0.974510966212211   0.9048473967684022
  7   -0.19837752265566078   -1.006564886609489   1.025927147730369   0.9555423829282751   0.9068100358422939
  8   -0.18597659299384528   -1.0079741805573477   1.0249874349531585   0.9751184834123223   0.9107142857142857
  9   -0.20262037077965012   -1.0261567712547688   1.045969757615819   0.9785969084423306   0.9087656529516994
 10   -0.20997855149677846   -1.0028722469204716   1.0246188246035697   0.9780415430267062   0.9087656529516994
 11   -0.2024391491915365   -1.0163664649990132   1.0363312213283855   0.9774881516587678   0.9107142857142857
 12   -0.20861833488706516   -1.0118122780926946   1.0330952016877146   0.9803921568627451   0.9126559714795008
 13   -0.22409250146354687   -1.0126632068797399   1.0371616170010096   0.9791790600832838   0.9145907473309609
 14   -0.23195829066872875   -1.0113779814682253   1.0376367717119033   0.9607609988109393   0.91651865008881
 15   -0.22984972854371133   -1.0093641488712386   1.0352037880234877   0.955952380952381   0.91651865008881
 16   -0.224912637085235   -0.9984168345077613   1.0234363046859014   0.9797859690844233   0.91651865008881
 17   -0.2294324895421891   -0.9763285361240754   1.0029240637793604   0.9583828775267539   0.91651865008881
 18   -0.2321259207579489   -0.9787610347819715   1.0059103371052518   0.9608076009501187   0.9203539823008849
 19   -0.2357149743125575   -0.9798291925806346   1.0077831094776237   0.9596199524940617   0.9203539823008849
 20   -0.23067542402276953   -0.9760093847724676   1.002898534455014   0.9584816132858838   0.9206349206349206
 21   -0.20518890796898326   -0.9854271853929113   1.006563075850142   0.982809721398933   0.9246935201401051
 22   -0.20068671147897277   -0.9797092498813775   1.000052683845894   0.9833729216152018   0.928695652173913
 23   -0.20475051657172028   -0.9678728130444547   0.9892929577566861   0.960190136660725   0.9342560553633218
 24   -0.1928417942185492   -0.951934336284733   0.9712707852063113   0.963841138114997   0.9381443298969072
 25   -0.18516228946603874   -0.9469881256116359   0.9649205063059572   0.9590504451038576   0.9365351629502573
 26   -0.1646584799303339   -0.9314437355510208   0.9458857475986241   0.9827688651218063   0.9383561643835616
 27   -0.15856164652035254   -0.9052374787390285   0.9190194169118725   0.9797859690844233   0.9367521367521368
 28   -0.14746768988634784   -0.9114091847467947   0.9232623796089783   0.9810201660735468   0.9403747870528109
 29   -0.13059335523814042   -0.9178615919015165   0.9271054558788558   0.9858156028368794   0.9421768707482994
 30   -0.13074137379939277   -0.9041021911956584   0.9135064744968934   0.9869668246445498   0.9457627118644067
 31   -0.12629762684188783   -0.9051459299350988   0.9139147908990025   0.9863824748371818   0.9425675675675675
 32   -0.11846645468363093   -0.8972379771188272   0.9050250209080376   0.9845971563981043   0.9443507588532883
 33   -0.10296333054510587   -0.8841113249318191   0.8900866712346822   0.98698224852071   0.9292929292929293
 34   -0.11491347815920872   -0.8796732677711177   0.8871472062142581   0.9620853080568721   0.9326599326599326
 35   -0.11707507195138955   -0.8687707185840914   0.8766237128560586   0.9620403321470937   0.9342327150084317
 36   -0.10213887941677768   -0.8548943951625958   0.8609743187627233   0.9863501483679525   0.936026936026936
 37   -0.10254070483429523   -0.8384256686243106   0.8446728348633192   0.9649851632047478   0.9376053962900506
 38   -0.09502887377014968   -0.8127483545189236   0.8182850204074622   0.9893364928909952   0.9443507588532883
 39   -0.10610297958287873   -0.8059069855018883   0.812861557435893   0.9645390070921985   0.9478991596638655
 40   -0.1141502919068964   -0.8058877359574659   0.8139320193413452   0.9651094027202839   0.9478991596638655
 41   -0.1080805932068083   -0.8155887295512692   0.8227189012044083   0.9656804733727811   0.9496644295302014
 42   -0.09651520477715891   -0.8011940574009699   0.8069864325797589   0.9656804733727811   0.9515859766277128
 43   -0.10755005322316258   -0.7884358155125923   0.7957374247396635   0.9662522202486679   0.9515859766277128
 44   -0.10093504668971409   -0.7810856720779995   0.7875802884632113   0.963841138114997   0.95
 45   -0.09170018179446426   -0.748446384536674   0.7540430451023049   0.9633136094674556   0.95
 46   -0.09620600273313151   -0.7636580992698399   0.7696942818693094   0.9651094027202839   0.95
 47   -0.08465785361482236   -0.7621103668549445   0.7667979938982931   0.9651094027202839   0.9531772575250836
 48   -0.08325617059820534   -0.7610430596394373   0.7655835216147443   0.9656804733727811   0.9547738693467337
 49   -0.07916208332637442   -0.7477505621109017   0.7519292111453986   0.991725768321513   0.9547738693467337
 50   -0.08331713550819675   -0.7446621963561917   0.7493087025727905   0.9656804733727811   0.957983193277311
 51   -0.0781432108432325   -0.7354193668619615   0.7395593326816573   0.9651094027202839   0.9563758389261745
 52   -0.06258909806113166   -0.7272521599123607   0.7299404765412725   0.9934949733885275   0.9581239530988275
 53   -0.07849191407023426   -0.7276148256981294   0.7318362625274374   0.9644549763033176   0.9632107023411371
 54   -0.07771569386178712   -0.7278165135234183   0.7319539646930011   0.9638839550029603   0.9616026711185309
 55   -0.07510570104848568   -0.7081203224029657   0.7120921691256439   0.9680851063829787   0.9634551495016611
 56   -0.09182281519006796   -0.7259592227549518   0.7317432763561297   0.9691211401425178   0.9602649006622517
 57   -0.08323733244171994   -0.6990275731701345   0.7039659093763996   0.9673590504451038   0.9602649006622517
 58   -0.07963339164011352   -0.69171678583335   0.6962855656034586   0.9661721068249258   0.9619834710743802
 59   -0.08016128864531513   -0.6982650377489001   0.7028512610358969   0.966824644549763   0.9619834710743802
 60   -0.07272219645650946   -0.6965712118732164   0.7003570311405323   0.968583283935981   0.9355371900826446
 61   -0.08089283380883483   -0.6949901792819411   0.6996820705577415   0.967397747480735   0.9370860927152318
 62   -0.09099719301417775   -0.6902539792470073   0.6962262886467211   0.968583283935981   0.9370860927152318
 63   -0.08749452539113545   -0.6692644469796463   0.6749594002341117   0.9680851063829787   0.9386401326699834
 64   -0.0768397613684959   -0.6532741911343329   0.6577777114872352   0.9679715302491103   0.9435215946843853
 65   -0.07580438871830175   -0.6407104356392885   0.6451791748700839   0.9644128113879004   0.945273631840796
 66   -0.07381115543575767   -0.6467163530069548   0.6509148392173725   0.9656398104265402   0.9485903814262023
 67   -0.05807874213330333   -0.6584566907020815   0.6610131268122618   0.9657210401891253   0.9519071310116086
 68   -0.06554385824383857   -0.6517680772195433   0.6550554356968187   0.9662522202486679   0.9519071310116086
 69   -0.0706989836359675   -0.641120415719147   0.6450067703048168   0.9663319551092735   0.9534883720930233
 70   -0.06409618598592726   -0.6305557743282435   0.6338051006394894   0.965150620200827   0.9534883720930233
 71   -0.0716568977112928   -0.6183713832121107   0.622509340142994   0.9662921348314607   0.9534883720930233
 72   -0.06982271665163431   -0.6277549771385118   0.6316260943650032   0.9502369668246445   0.9566666666666667
 73   -0.06467314019190074   -0.6226480136364678   0.6259977347784258   0.9526627218934911   0.9582637729549248
 74   -0.06967994835311764   -0.6107594557339731   0.6147214067941282   0.966824644549763   0.9584026622296173
 75   -0.07613195081323365   -0.6078439439735561   0.6125931228474216   0.9691577698695136   0.9584026622296173
 76   -0.0792641400898928   -0.5930809669327282   0.5983542740233831   0.9691943127962085   0.961730449251248
 77   -0.07547484640418922   -0.5823131955662681   0.5871840513589711   0.9680473372781065   0.9634551495016611
 78   -0.07716146811528457   -0.6001722209832039   0.6051120449979638   0.9544648137196925   0.9634551495016611
 79   -0.08435204059418044   -0.6074323144470455   0.6132611869235625   0.955595026642984   0.9618573797678275
 80   -0.07220337030310198   -0.60155530378535   0.6058730149094046   0.9573964497041421   0.9618573797678275
 81   -0.0850972917344146   -0.5914700203280425   0.5975603183004935   0.9537914691943128   0.9618573797678275
 82   -0.07905052011143088   -0.5934846315757447   0.5987261416094048   0.9567279193835211   0.9618573797678275
 83   -0.07212992208626545   -0.5930763645637853   0.5974464828454233   0.9539007092198581   0.9651741293532339
 84   -0.06114240439859131   -0.5842295916467677   0.5874203004420173   0.9567279193835211   0.9683860232945092
 85   -0.06321204326176844   -0.5817530644605924   0.5851772299249329   0.9537366548042705   0.9651741293532339
 86   -0.04998096424097476   -0.6062760152043829   0.6083327242542215   0.9567279193835211   0.9667774086378738
 87   -0.0510085489815566   -0.5960315755701373   0.5982102566370993   0.9555423829282751   0.9651741293532339
 88   -0.05250319892587285   -0.5639729209476414   0.5664115477809967   0.9555423829282751   0.9651741293532339
 89   -0.05653259903668406   -0.5738647402271475   0.5766425884634381   0.957345971563981   0.9651741293532339
 90   -0.05219776727959147   -0.5498929852334591   0.552364827010138   0.9561611374407583   0.9651741293532339
 91   -0.04856130933719616   -0.5633947454704149   0.5654837221248871   0.9566765578635015   0.9667774086378738
 92   -0.05876503448105641   -0.5517418373038829   0.554862491351708   0.9567279193835211   0.9651741293532339
 93   -0.06367829302574002   -0.5553886445835872   0.5590272547336723   0.9567279193835211   0.9667774086378738
 94   -0.05791707978304217   -0.5548259104611226   0.5578406394747598   0.9560570071258907   0.9667774086378738
 95   -0.06335809554060834   -0.5491976539657983   0.5528402222994178   0.9577632361689471   0.9667774086378738
 96   -0.06694690761164424   -0.5512303901544726   0.5552808581867505   0.9579134558387671   0.9683860232945092
 97   -0.049696927791365475   -0.5682357967872527   0.5704048609385654   0.9578635014836795   0.9384359400998337
 98   -0.06056482415024078   -0.573748484604419   0.5769362369536314   0.9626998223801065   0.9368770764119602
 99   -0.060242290633830464   -0.5578752160572407   0.5611184280272069   0.9633136094674556   0.9368770764119602
100   -0.0653301129889785   -0.5721150203129675   0.575832979370633   0.9620853080568721   0.9386401326699834
101   -0.05903566008947525   -0.5791969666325834   0.582197848947062   0.9619500594530321   0.9386401326699834
102   -0.056348977102339326   -0.5683546379037203   0.5711411398657508   0.9626112759643917   0.9386401326699834
103   -0.051283729311758286   -0.5595274577241973   0.5618727585845616   0.9637551990493167   0.9386401326699834
104   -0.05948821637797064   -0.5765790373021069   0.5796397451383546   0.9632701421800948   0.9403973509933775
105   -0.05498126949182858   -0.571510128463462   0.5741487324128269   0.9655990510083037   0.9388429752066115
106   -0.0461998369112262   -0.5752064134831727   0.5770587864704935   0.9656398104265402   0.9372937293729373
107   -0.0516289534600709   -0.5704997130075746   0.5728311019638399   0.966785290628707   0.9372937293729373
108   -0.054868533193080715   -0.5720012034062627   0.5746267768151541   0.9649851632047478   0.9357495881383855
109   -0.06139172959230166   -0.5674440565217864   0.5707553782000084   0.963841138114997   0.9357495881383855
110   -0.05654581285490945   -0.5721903196340001   0.5749775568092043   0.9626556016597511   0.9375
111   -0.04529006225684462   -0.5801105863209095   0.5818758304834617   0.9656804733727811   0.9375
112   -0.051071050172080135   -0.5764392174435216   0.5786971777817641   0.966824644549763   0.9375
113   -0.06498417309041837   -0.563030652456554   0.5667684345108664   0.967397747480735   0.9390444810543658
114   -0.058899041296448296   -0.5720064942708056   0.5750308918254896   0.9691577698695136   0.9390444810543658
115   -0.05346409349625958   -0.5582039910590417   0.5607585085646222   0.966824644549763   0.9407894736842105
116   -0.0529805316986387   -0.5805312560761493   0.5829438017685942   0.9674748669426375   0.9425287356321839
117   -0.051347563965403076   -0.5788344875366143   0.5811075083725524   0.9679715302491103   0.9425287356321839
118   -0.049149313461297695   -0.5723932366675939   0.574499497298754   0.9686946249261665   0.9425287356321839
119   -0.042535633182960275   -0.584755658590332   0.5863006569531439   0.9656398104265402   0.9425287356321839
120   -0.05653445084177822   -0.5882115284229883   0.5909221152585926   0.9662522202486679   0.9425287356321839
121   -0.03807258479645981   -0.5841431279673159   0.5853825378882801   0.966212211025489   0.9425287356321839
122   -0.051161092034711864   -0.5912766385762112   0.5934859060366705   0.9673202614379085   0.9425287356321839
123   -0.04429821682795243   -0.600154222360807   0.6017868581413532   0.9673590504451038   0.940983606557377
124   -0.03648541048730003   -0.60922695612674   0.6103184982039129   0.9645390070921985   0.940983606557377
125   -0.03984810952657636   -0.6241192195350145   0.6253900159307292   0.9645390070921985   0.940983606557377
126   -0.025140190622989778   -0.631017512437392   0.6315181154861945   0.9645390070921985   0.9425287356321839
127   -0.018668677083904406   -0.6187449454694907   0.6190265156260321   0.9645390070921985   0.9425287356321839
128   -0.01179361387960931   -0.6142823167948919   0.6143955192343457   0.9923031379514505   0.9407894736842105
129   -0.02014502374209126   -0.6022370568539976   0.602573891427213   0.9644970414201184   0.942339373970346
130   -0.030800039808726254   -0.6206644105193213   0.6214281558937571   0.9662522202486679   0.942339373970346
131   -0.023387657214415825   -0.6086382903010126   0.6090874739563429   0.9662522202486679   0.944078947368421
132   -0.029101098282563242   -0.6167288131550848   0.6174150167407096   0.9679334916864608   0.944078947368421
133   -0.02083864390549728   -0.6115519271668504   0.6119068627669645   0.966131907308378   0.944078947368421
134   -0.02114661280252772   -0.6044244428081171   0.6047942512102136   0.9656804733727811   0.9475409836065574
135   -0.020826426190725833   -0.6118508407230223   0.6122051872708585   0.9662522202486679   0.9458128078817734
136   -0.026872496888738162   -0.6305781313995524   0.6311504661238764   0.9656804733727811   0.9458128078817734
137   -0.02642876930860716   -0.6161252955042187   0.6166918676351493   0.9668639053254438   0.9456342668863262
138   -0.027863695851901404   -0.6252078669064609   0.6258284608327223   0.9680094786729858   0.9456342668863262
139   -0.024030336484243797   -0.606110581233601   0.6065867569893688   0.9656804733727811   0.944078947368421
140   -0.018145834452961473   -0.6077452618473167   0.6080160973246167   0.9655581947743468   0.944078947368421
141   -0.020044175503283412   -0.5948757409018697   0.5952133366156666   0.9656398104265402   0.944078947368421
142   -0.01527947402147145   -0.6122773121787866   0.61246793331182   0.9662522202486679   0.9425287356321839
143   -0.0025717726013407827   -0.6267423191776587   0.6267475956575367   0.9923213230950975   0.9425287356321839
144   -0.0038211056952617284   -0.6494001370312574   0.6494113787307321   0.995260663507109   0.9425287356321839
145   -0.007863089582134997   -0.6408631309905175   0.6409113673829993   0.9644970414201184   0.9442622950819672
146   -0.0010482057926628485   -0.637307813115509   0.6373086751280389   0.9940828402366864   0.9442622950819672
147   0.01077954785692814   -0.64764192456893   0.647731627382319   0.9982259018332348   0.9425287356321839
148   -0.00445818537575704   -0.6558203861733851   0.6558355390930356   0.9958653278204371   0.944078947368421
149   -0.010302739640269287   -0.6517972824265961   0.6518787033051402   0.9628318584070796   0.944078947368421
150   -0.003490216266232693   -0.6635615536648132   0.663570732561078   0.9940898345153665   0.944078947368421
151   -0.005828463592139954   -0.6601500949389454   0.6601758241830304   0.9917061611374408   0.9456342668863262
152   0.0009536744347702353   -0.654253524571903   0.6542542196346044   0.9940828402366864   0.9456342668863262
153   -0.0037846527916363115   -0.658714236302373   0.6587251086031045   0.9952662721893492   0.9456342668863262
154   -0.007032214026694739   -0.6818314780765995   0.6818677412300993   0.9490521327014217   0.9456342668863262
155   -0.00804581008831029   -0.6695680024830324   0.6696163416532599   0.9621301775147929   0.9456342668863262
156   -0.006130078917471415   -0.6752119631143607   0.6752397892602918   0.9934949733885275   0.9456342668863262
157   -0.013739659189313969   -0.6704475436650412   0.6705883141250867   0.9639266706091071   0.9456342668863262
158   -0.0037798893883715934   -0.6599655735821592   0.6599763979699704   0.9916864608076009   0.9456342668863262
159   0.0004101701741499042   -0.6715050629499615   0.671505188220466   0.9952662721893492   0.9456342668863262
160   0.0002309620637426235   -0.6788734292995713   0.6788734685878031   0.9952718676122931   0.9456342668863262
161   0.004813393717086001   -0.6694974679749492   0.6695147708482195   0.9946714031971581   0.9456342668863262
162   0.011976000232382766   -0.6761893826637682   0.6762954279076371   0.9929078014184397   0.9456342668863262
163   0.007675717280092975   -0.6865060748658465   0.6865489840233362   0.9686204854943754   0.9471947194719472
164   0.013596706469514608   -0.6889392058883494   0.6890733631746968   0.9686204854943754   0.9471947194719472
165   0.014497211470052562   -0.6844914822756465   0.6846449871636534   0.968583283935981   0.9471947194719472
166   0.016366730870144508   -0.6872885513452509   0.6874833981192777   0.968583283935981   0.9487603305785124
167   0.009899354176578612   -0.6975061347600118   0.6975763795033236   0.9691577698695136   0.9470198675496688
168   0.015586577328472018   -0.6943577206848026   0.6945326383024852   0.968583283935981   0.9485903814262023
169   0.012125076390788081   -0.6996045831264261   0.6997096470744011   0.968583283935981   0.9069767441860465
170   0.010441516803620488   -0.6962279338748267   0.6963062265848055   0.9686204854943754   0.9069767441860465
171   0.011206846957060534   -0.6864155187828551   0.6865069976661965   0.9670588235294117   0.9069767441860465
172   0.017475898452134153   -0.6801105958297562   0.6803350862528077   0.9689877121123464   0.908485856905158
173   -1.0   -1.0   -1.0   -1.0   0.908485856905158
174   -1.0   -1.0   -1.0   -1.0   0.908485856905158
175   -1.0   -1.0   -1.0   -1.0   0.908485856905158
176   -1.0   -1.0   -1.0   -1.0   0.908485856905158
177   -1.0   -1.0   -1.0   -1.0   0.908485856905158
178   -1.0   -1.0   -1.0   -1.0   0.908485856905158
179   -1.0   -1.0   -1.0   -1.0   0.9501661129568106
180   -1.0   -1.0   -1.0   -1.0   0.908485856905158
181   -1.0   -1.0   -1.0   -1.0   0.9115191986644408
182   -1.0   -1.0   -1.0   -1.0   0.9096989966555183
183   -1.0   -1.0   -1.0   -1.0   0.9096989966555183
184   -1.0   -1.0   -1.0   -1.0   0.9096989966555183
185   -1.0   -1.0   -1.0   -1.0   0.9093959731543624
186   -1.0   -1.0   -1.0   -1.0   0.9093959731543624
187   -1.0   -1.0   -1.0   -1.0   0.9093959731543624
188   -1.0   -1.0   -1.0   -1.0   0.9093959731543624
189   -1.0   -1.0   -1.0   -1.0   0.9109243697478991
190   -1.0   -1.0   -1.0   -1.0   0.9090909090909091
191   -1.0   -1.0   -1.0   -1.0   0.9090909090909091
192   -1.0   -1.0   -1.0   -1.0   0.9090909090909091
193   0.046396656023649285   -0.7090361673517727   0.7105525570308419   0.9714285714285714   0.9109243697478991
194   0.044909562725496954   -0.7095061288528122   0.7109260268859895   0.9707602339181286   0.912751677852349
195   0.04321960352851484   -0.7059406907585206   0.7072624640101999   0.9736070381231672   0.912751677852349
196   0.04056302030871084   -0.7046674439922604   0.7058339501888178   0.9746312684365782   0.912751677852349
197   0.0421052164360729   -0.6976480626111901   0.6989174976463786   0.976882039122703   0.9112227805695142
198   0.043637966865922806   -0.6964214553976618   0.6977872997485615   0.976303317535545   0.9130434782608695
199   0.047379629731130635   -0.6939871265873663   0.6956025885392091   0.9762752075919335   0.9130434782608695
200   0.054245880317429496   -0.6994661158245066   0.7015664349995907   0.976882039122703   0.9130434782608695
201   0.06027797411024327   -0.7037847306854914   0.7063613673672172   0.9786476868327402   0.912751677852349
202   0.06424481965156925   -0.7080809470069269   0.7109894685340207   0.9792284866468842   0.9173693086003373
203   0.07028169924081862   -0.6991536305771007   0.7026772490961394   0.978015448603684   0.918918918918919
204   0.07521309329830839   -0.6979439435454857   0.701984870018809   0.9774078478002378   0.918918918918919
205   0.07801414258461215   -0.6998104770246769   0.7041455177708071   0.9786223277909739   0.9207419898819561
206   0.07869068534698975   -0.6965266813789057   0.7009576605138791   0.9767995240928019   0.9222972972972973
207   0.07340490282544643   -0.6983622001411938   0.7022094006383438   0.9785969084423306   0.9235993208828522
208   0.07672381690874364   -0.697483053444234   0.7016902122182826   0.9792038027332145   0.9251700680272109
209   0.07612063935702196   -0.6901967458021154   0.6943816671341142   0.9780415430267062   0.9251700680272109
210   0.07912835110696381   -0.6855553969646451   0.6901068745174613   0.976882039122703   0.9283276450511946
211   0.07549939860215282   -0.6869832079503873   0.6911194449551334   0.9774078478002378   0.9283276450511946
212   0.0778700340345031   -0.6984953653271582   0.7028225363376268   0.980438648488441   0.9264957264957265
213   0.07842675567973245   -0.692669021060766   0.6970947774468894   0.9798339264531435   0.9283276450511946
214   0.06948242327371013   -0.6879767018603076   0.6914764995620412   0.9786729857819905   0.9283276450511946
215   0.07686983646765189   -0.68141430321322   0.6857364102788488   0.979253112033195   0.9301533219761499
216   0.07230800568768192   -0.6702876234341097   0.6741764945587148   0.9798339264531435   0.931740614334471
217   0.07720653206341233   -0.673635496905117   0.6780454492759779   0.9792284866468842   0.9301533219761499
218   0.08072256739648775   -0.669082234859367   0.6739340990716272   0.9804618117229129   0.9285714285714286
219   0.07699991594606015   -0.6577559959656547   0.6622476404521731   0.9798578199052133   0.9303904923599321
220   0.08712457658558304   -0.6743872979437029   0.6799918525048854   0.9792776791000593   0.9285714285714286
221   0.0889327956587822   -0.6839413095628295   0.6896990336880319   0.9834123222748815   0.931740614334471
222   0.09859082254441098   -0.6765848246392991   0.6837303380881784   0.9792284866468842   0.928082191780822
223   0.10754641066056436   -0.6795724168142598   0.688029723297435   0.9816459443457667   0.9243986254295533
224   0.1032891928173747   -0.6913705542254753   0.6990435613056641   0.9822274881516587   0.9259896729776248
225   0.09701121911586519   -0.6980199355160792   0.7047290309134553   0.981624184943687   0.9241379310344827
226   0.0975363069338453   -0.6813261380639517   0.6882722118315051   0.9798099762470309   0.9241379310344827
227   0.09770134359163052   -0.6795641644539643   0.6865515320422965   0.9809976247030879   0.9259896729776248
228   0.08355191959895869   -0.6672701634883005   0.6724807761939178   0.9822485207100592   0.9243986254295533
229   0.08140053240665424   -0.6534826716407736   0.6585329519552152   0.981624184943687   0.9285714285714286
230   0.08109670904016308   -0.6436368387390523   0.6487257173868982   0.9816459443457667   0.9324324324324325
231   0.08682531835899798   -0.6602809136206957   0.6659651047914763   0.9834319526627219   0.9277310924369748
232   0.09488216723161269   -0.6311477268043504   0.6382398285197083   0.981624184943687   0.9277310924369748
233   0.09187272086089582   -0.6252356649993267   0.6319495499053184   0.9828300769686205   0.9310924369747899
234   0.09523755887003915   -0.620050289981112   0.6273217314306793   0.983451536643026   0.9295302013422819
235   0.0893565734184616   -0.6133835942787833   0.6198580732259991   0.9822064056939501   0.912751677852349
236   0.09581292410116138   -0.5777874165492669   0.5856777400136453   0.9822485207100592   0.9112227805695142
237   0.09697344855259882   -0.5568067239415413   0.5651880904183096   0.9810650887573964   0.9112227805695142
238   0.09751223377003804   -0.5484956452335972   0.5570961394364913   0.9852333136444182   0.9163879598662207
239   0.11250762094391131   -0.5566304577756647   0.5678868120444468   0.985198342214328   0.9194630872483222
240   0.11591771893732616   -0.5371569452067106   0.5495220662971034   0.9845971563981043   0.9225589225589226
241   0.11801208462692525   -0.5083756578800909   0.5218933431679387   0.9822064056939501   0.9225589225589226
242   0.1262005175452412   -0.47933384966546555   0.49566875034018626   0.985198342214328   0.9254237288135593
243   0.1175321776917988   -0.4576456911869613   0.47249697507493965   0.9833926453143536   0.9290540540540541
244   0.10744835540205777   -0.4344842987365034   0.44757318387852285   0.983995257854179   0.934010152284264
245   0.10413726912576671   -0.40440065884670773   0.4175936585924452   0.9827893175074184   0.9288135593220339
246   0.11248622876736558   -0.3645226393097971   0.3814838217168384   0.9834123222748815   0.9272419627749577
247   0.11324927467247026   -0.3512383043948404   0.36904436682870956   0.9834123222748815   0.9290540540540541
248   0.11592281152357398   -0.3435081625863212   0.3625409714707574   0.9809750297265161   0.9109243697478991
249   0.1151806926299832   -0.3484554643352382   0.3669983686337163   0.9827893175074184   0.9109243697478991
250   0.11423831365582249   -0.337151037959007   0.355979233528814   0.9827893175074184   0.914572864321608
251   0.11376676593359569   -0.3455705282458226   0.3638157047504772   0.9851807943094251   0.9148580968280468
252   0.11100123948080665   -0.33923040899346546   0.35692932851217096   0.9852333136444182   0.9154228855721394
253   0.09534143515872362   -0.35078280511445925   0.3635086871342882   0.9864146485528648   0.9148580968280468
254   0.10696439665717605   -0.3554387052638788   0.37118466475852174   0.985781990521327   0.9163879598662207
255   0.10032196519379788   -0.38584018207412285   0.39866921476750355   0.9863824748371818   0.9277310924369748
256   0.10067919060048602   -0.3971935797646431   0.4097548525963065   0.9834319526627219   0.9277310924369748
257   0.11281659040377878   -0.40906985057116785   0.4243415201422689   0.9833729216152018   0.9324324324324325
258   0.1211833310601822   -0.44517828041014695   0.4613773954971972   0.983995257854179   0.934010152284264
259   0.12107706981788624   -0.4743005352233638   0.4895106276158411   0.9858156028368794   0.9301533219761499
260   0.125804667825971   -0.4748620433904378   0.49124410907383403   0.9851807943094251   0.9303904923599321
261   0.130311150583875   -0.4666648854795241   0.48451740041623964   0.98698224852071   0.9308600337268128
262   0.12890169123082362   -0.49212599193860385   0.5087274692246541   0.9869668246445498   0.9292929292929293
263   0.1291263670094187   -0.500144598871266   0.5165445173817554   0.9881376037959668   0.9292929292929293
264   0.1396164516098244   -0.4999821433093743   0.5191097159448609   0.985198342214328   0.9279731993299832
265   0.1318104528842392   -0.49048475754296206   0.507887086734371   0.9857988165680474   0.9279731993299832
266   0.12440108491501878   -0.5189867681494249   0.5336880132082963   0.9869668246445498   0.9279731993299832
267   0.12661689976470658   -0.5309779822478617   0.5458657865611622   0.9875813128326434   0.9261744966442953
268   0.11897045385286109   -0.532437213793262   0.5455670036960516   0.9881656804733728   0.9277310924369748
269   0.1284058043114289   -0.5293666562046795   0.5447174563773298   0.9869668246445498   0.9290540540540541
270   0.1161216872099553   -0.5534220106532501   0.5654734017758686   0.9875666074600356   0.9254237288135593
271   0.11203071540697085   -0.5696084897372167   0.5805210700528539   0.9911190053285968   0.9269949066213922
272   0.11537021967663197   -0.5452159014573468   0.5572886745576134   0.9875813128326434   0.9285714285714286
273   0.1204092672476369   -0.5592549477932565   0.5720703525532073   0.9887507400828893   0.9246575342465754
274   0.10470869199090593   -0.5740741489144483   0.5835452327200477   0.9893364928909952   0.9228130360205832
275   0.10492538203451396   -0.5807263928122772   0.5901292054320376   0.9881516587677726   0.918825561312608
276   0.1143656653974876   -0.6080692169384676   0.6187306991009669   0.9881656804733728   0.9166666666666666
277   0.10913731995621845   -0.6140205675691064   0.6236442992645035   0.9875666074600356   0.9163763066202091
278   0.12372160400751664   -0.6247078119293761   0.6368413347010239   0.9887507400828893   0.9163763066202091
279   0.12643809183242372   -0.6395595772298108   0.6519379141395282   0.9863663307646711   0.9103690685413005
280   0.11973249734187075   -0.6069235315557115   0.6186210827928336   0.9887507400828893   0.9166666666666666
281   0.1164325039171974   -0.5930426707495577   0.60436424223989   0.9893111638954869   0.918825561312608
282   0.11049512369211634   -0.5691956151921964   0.5798213696594486   0.9911399881866509   0.9131175468483816
283   0.11121948113166713   -0.5327223896497522   0.544208523837453   0.9893742621015348   0.9176470588235294
284   0.10515779954015603   -0.5003159278361089   0.5112476801420561   0.9887773183697578   0.9215358931552587
285   0.08694948790469414   -0.49110034096859323   0.4987381661216205   0.989946777054997   0.9205298013245033
286   0.08015580983698456   -0.482033474430569   0.48865245760379517   0.9875813128326434   0.9192751235584844
287   0.0907892589923156   -0.48868555882474496   0.49704754797929246   0.9905325443786982   0.9223140495867769
288   0.09508095716388532   -0.508998726964105   0.5178031406493013   0.989946777054997   0.9269102990033222
289   0.09292972773956887   -0.5276323324677534   0.5357534998141518   0.9905437352245863   0.9251247920133111
290   0.09080870109015216   -0.5268669357986369   0.53463537876905   0.9893617021276596   0.9248747913188647
291   0.08543416346759347   -0.5472482930780842   0.5538769633811143   0.9911190053285968   0.9230769230769231
292   0.08860212770428522   -0.5633282376140336   0.5702534877815826   0.9923303834808259   0.9243697478991597
293   0.0984919768827579   -0.5746430764335635   0.5830225851571309   0.9887507400828893   0.9254237288135593
294   0.09258753126583219   -0.5858717256917707   0.5931425881783864   0.9875666074600356   0.9206896551724137
295   0.09873096979322593   -0.605416476152385   0.6134141455762838   0.9888037713612257   0.9141856392294221
296   0.10898281053141634   -0.595474863011578   0.6053656460933212   0.9905437352245863   0.900355871886121
297   0.11519718835253023   -0.6189162087787565   0.6295456025526647   0.9905437352245863   0.8945454545454545
298   0.116281463566275   -0.6588207824457619   0.6690038879943531   0.9893617021276596   0.8646616541353384
299   0.1301431798190542   -0.6957309343528557   0.7077985449751308   0.991725768321513   0.8752399232245681
300   0.13748964002980824   -0.7520359255825824   0.7645007746774215   0.9940758293838863   0.8326693227091634
301   0.14075802443184404   -0.8741089831932811   0.8853696041434602   0.991725768321513   0.7791666666666667
302   0.1557973015256442   -1.0228009325935297   1.0345987371328396   0.9935179728933412   0.7064017660044151
303   0.16782616832209296   -1.2075512026880055   1.2191577132950946   0.9940828402366864   0.6308411214953271
304   0.19893701187741186   -1.50185586904556   1.5149742526133265   0.9923213230950975   0.5051020408163265
305   0.23052063320032268   -1.8336611596230021   1.8480944268735433   0.9946839929119905   0.3446327683615819
306   0.2426742740161858   -1.9542537771802024   1.9692634737110144   0.9917452830188679   0.28654970760233917
307   0.21051377753320555   -1.9079793500244584   1.9195575663811322   0.991725768321513   0.36768802228412256
308   0.19078213727433457   -1.903296827693044   1.91283471272595   0.9923484402589758   0.44562334217506633
309   0.16436551380934628   -1.866999359422227   1.8742205393743865   0.9935179728933412   0.5012787723785166
310   0.13004880942725805   -1.842203614603978   1.8467882527494615   0.9662921348314607   0.5566502463054187
311   0.1242188193452538   -1.811858563368279   1.8161117170291297   0.967551622418879   0.6080760095011877
312   0.11785473657351009   -1.7788442093957002   1.7827440815308924   0.9645808736717828   0.6466512702078522
313   0.11552779911770994   -1.6285516770344763   1.6326442469628182   0.96291936433196   0.7120879120879121
314   0.10901481753795217   -1.372427734339297   1.3767505643458182   0.9646643109540636   0.7917525773195876
315   0.10090430197940403   -1.1563808972047518   1.1607749383829826   0.9634433962264151   0.85546875
316   0.10940957967124643   -0.9647515476833739   0.970935633747832   0.9640542133176193   0.8801498127340824
317   0.102259348739147   -0.8029618050882235   0.8094471167624804   0.9622641509433962   0.8945454545454545
318   0.09779108708211126   -0.6877030617128099   0.6946211901474602   0.9651917404129794   0.8971631205673759
319   0.10305561658297524   -0.5825539512831952   0.5915991601286809   0.9935179728933412   0.8923611111111112
320   0.11365760747911136   -0.5332942929321192   0.5452713586938568   0.9935179728933412   0.9
321   0.10728403976427181   -0.5197821875571407   0.5307385304364367   0.9929411764705882   0.9044368600682594
322   0.08913118067386705   -0.4721879682721024   0.4805266327158709   0.9646643109540636   0.9106239460370995
323   0.07902870262071282   -0.4513716122070903   0.45823778559208866   0.965150620200827   0.9078726968174204
324   0.07820047550492948   -0.3921590537698272   0.39988002928733923   0.9645808736717828   0.9102990033222591
325   0.08801685374793511   -0.3637836677399662   0.37428000675701006   0.9663716814159292   0.9126853377265239
326   0.08305218421025007   -0.3622235604829349   0.37162289094057127   0.9657210401891253   0.9111842105263158
327   0.0789430152467796   -0.36762528294058683   0.37600578228718745   0.9686204854943754   0.9111842105263158
328   0.07973787588766168   -0.3632762804689129   0.37192443426374183   0.9674748669426375   0.9141914191419142
329   0.07567463168054278   -0.33400375910218116   0.34246921171745304   0.9692671394799054   0.9177631578947368
330   0.0706434885553735   -0.33286709018044647   0.34028076966010096   0.9716646989374262   0.9177631578947368
331   0.06963746415774708   -0.33048878854305386   0.3377457857131261   0.9703791469194313   0.9147540983606557
332   0.06483208118985218   -0.32604487160332596   0.3324281231337639   0.9698759598346132   0.9132569558101473
333   0.09043096349327495   -0.3051191897441292   0.31823808557184974   0.9710572947430597   0.916256157635468
334   0.08347071180318633   -0.30916234360200434   0.32023228199295334   0.9663716814159292   0.9177631578947368
335   0.08178973334555906   -0.3217856784073163   0.3320174442838726   0.9652327637006483   0.9192751235584844
336   0.09402082018657953   -0.34109184119843405   0.3538128866515391   0.9680851063829787   0.9205298013245033
337   0.0974866563642598   -0.32541668315884564   0.33970526320207023   0.9646643109540636   0.9220563847429519
338   0.09242703193441582   -0.3199215577158405   0.3330053442867477   0.9669421487603306   0.9184692179700499
339   0.0915693844879577   -0.3269479615600801   0.33952897040428676   0.9657615112160567   0.9184692179700499
340   0.08850683255333625   -0.32364262975242397   0.3355264687050619   0.966903073286052   0.9220563847429519
341   0.08413410637905105   -0.30552625622061313   0.31689878683324935   0.9664113140836771   0.9220563847429519
342   0.095107877774673   -0.2841845554636926   0.2996771095344099   0.9658018867924528   0.9256198347107438
343   0.08907169124059244   -0.2738468882664691   0.2879685475771398   0.9680094786729858   0.9286898839137645
344   0.08216521443601899   -0.2554326543279757   0.26832249879641495   0.9669421487603306   0.9256198347107438
345   0.09005063881818298   -0.25040527351223574   0.2661050893055231   0.9692671394799054   0.9240924092409241
346   0.08875444714145164   -0.2534349728751337   0.2685267907744114   0.9686575990538143   0.9258649093904449
347   0.08918989163807556   -0.26299635996511483   0.27770834003557027   0.9698403311649911   0.9289256198347108
348   0.06835164118184167   -0.2674053020903031   0.2760027942580609   0.9739027283511269   0.9302325581395349
349   0.07011673117288275   -0.24645447298154366   0.25623458635200036   0.9709887507400828   0.9317803660565723
350   0.07225687198491926   -0.2474732716019723   0.25780627553732777   0.9721728833629366   0.9317803660565723
351   0.07602083302135032   -0.26987590374544723   0.28037861986193224   0.9704142011834319   0.9317803660565723
352   0.06997508822266241   -0.26580703620235013   0.2748634087441376   0.9715302491103203   0.9333333333333333
353   0.08676355262453672   -0.25621332295570554   0.2705054175502506   0.9709887507400828   0.9333333333333333
354   0.0908707652070797   -0.26913324900560553   0.28406020786029407   0.9550827423167849   0.9333333333333333
355   0.0843947199874524   -0.27288328547065177   0.2856357054904336   0.9533923303834808   0.9335548172757475
356   0.09793774824690171   -0.25437216843420885   0.27257476516654106   0.9669421487603306   0.9351081530782029
357   0.10012912021724585   -0.22914210625315334   0.2500638829851506   0.9692671394799054   0.9351081530782029
358   0.08713722703632687   -0.23844481398450768   0.2538677325925586   0.9703791469194313   0.9401993355481728
359   0.08319575571871507   -0.24892379522863806   0.26245873885362825   0.9543568464730291   0.9417637271214643
360   0.07788007124014662   -0.23686857573462206   0.24934319254176301   0.972073677956031   0.9417637271214643
361   0.07572857237140163   -0.23467294307205577   0.24658914591585523   0.973293768545994   0.9401993355481728
362   0.080554218309703   -0.21486536364879782   0.22946918438739747   0.9732620320855615   0.9253731343283582
363   0.08661136801265723   -0.21548966954961912   0.23224411026251665   0.972106824925816   0.9251247920133111
364   0.08718634048770468   -0.21550918627122329   0.23247724046650844   0.973293768545994   0.9282136894824707
365   0.0850390471072906   -0.226901771221236   0.24231395609054407   0.9727164887307236   0.9282136894824707
366   0.08219690171692129   -0.23379748246228615   0.24782573203274152   0.9727488151658767   0.9282136894824707
367   0.07967868434837833   -0.24987400571592033   0.2622703023066247   0.9572953736654805   0.9246231155778895
368   0.0710589411808007   -0.23794331507907174   0.24832719205224968   0.9751184834123223   0.9246231155778895
369   0.06108641162869244   -0.22709631818596776   0.23516863613010208   0.9739027283511269   0.9496644295302014
370   0.07170529075608201   -0.24822702370612504   0.25837628378087535   0.9560570071258907   0.9496644295302014
371   0.07558130627034654   -0.2402150061921553   0.2518249055542941   0.973325429756965   0.9496644295302014
372   0.07858441305342279   -0.25797422358247957   0.2696779746437112   0.9561611374407583   0.9496644295302014
373   0.0787647344134248   -0.2516146926774532   0.2636547685106161   0.9566250742721331   0.9512605042016806
374   0.07688744562550998   -0.2568035691042958   0.268066693939252   0.9602373887240356   0.9277310924369748
375   0.08518487635213923   -0.25067801404279066   0.26475635947709886   0.9572446555819477   0.9308600337268128
376   0.07832504499931314   -0.22704432514427708   0.2401748077013171   0.9715302491103203   0.9324324324324325
377   0.07061377887035203   -0.23198479927041404   0.24249382024885763   0.9578635014836795   0.9324324324324325
378   0.07381842665693572   -0.20818863911485153   0.22088836449799543   0.9726190476190476   0.9358108108108109
379   0.08143287541842259   -0.1956687367967227   0.2119376506393743   0.973293768545994   0.9389830508474576
380   0.0736482917634147   -0.20739926163445332   0.22008753850726187   0.9739027283511269   0.9371816638370118
381   0.07577088136954302   -0.2184070255177737   0.23117710799090554   0.9732620320855615   0.9387755102040817
382   0.08324664914931557   -0.20667050834633116   0.22280642633173797   0.9744807121661722   0.9369676320272572
383   0.07662967128556808   -0.2245571952093499   0.2372720810412053   0.9739027283511269   0.9369676320272572
384   0.0791731642749216   -0.24199494569576885   0.25461724938346547   0.9584816132858838   0.9333333333333333
385   0.08235463820031264   -0.2678726949702508   0.28024644001972515   0.9578635014836795   0.9333333333333333
386   0.07991330264121554   -0.25016738461145493   0.2626211268393351   0.9585308056872038   0.9333333333333333
387   0.0723930151406611   -0.2696692256734359   0.2792171912982194   0.9579134558387671   0.9331046312178388
388   0.08733113152547123   -0.23851688060022624   0.2540020253162989   0.974510966212211   0.9328743545611016
389   0.09226377549096121   -0.2709826506992954   0.28625897583807364   0.9578635014836795   0.9273356401384083
390   0.08054086689431905   -0.25762165230623424   0.26991803751710014   0.9597156398104265   0.9273356401384083
391   0.09630292814327213   -0.2551258489123711   0.27269663135474603   0.9578635014836795   0.9236111111111112
392   0.08848028657588003   -0.2609363951755981   0.2755296053780532   0.9596199524940617   0.9179755671902269
393   0.08822491960556533   -0.2572927496215449   0.2719985210386694   0.9607609988109393   0.9176882661996497
394   0.0950649088185731   -0.263692576560544   0.2803053902832088   0.9591474245115453   0.9198606271777003
395   0.10155071321855136   -0.24579663258544926   0.265948363306757   0.9573964497041421   0.9198606271777003
