#2016-12-13 09:14:05.949186


sliceNumber   distortionX   distortionY   distortionNorm   dice_CT   dice_MR
  0   -0.11697962270558548   -1.068395197790089   1.0747802244130027   0.8828828828828829   0.7428571428571429
  1   -0.13442247655014938   -1.0709429785818223   1.0793462213653138   0.8828828828828829   0.7428571428571429
  2   -0.13944819477514603   -1.07406553450992   1.0830801315914382   0.8828828828828829   0.7428571428571429
  3   -0.15628271119236192   -1.066040500695138   1.077435211481403   0.8828828828828829   0.7222222222222222
  4   -0.1639152457404469   -1.0359148395105393   1.0488030141567566   0.8828828828828829   0.7222222222222222
  5   -0.1799509848398193   -1.0466383891203712   1.0619954211414033   0.8828828828828829   0.7222222222222222
  6   -0.1722536673376185   -1.026744552745086   1.0410935128522152   0.8828828828828829   0.7222222222222222
  7   -0.1954519282541387   -1.0163197245799545   1.0349431089816172   0.8828828828828829   0.7567567567567568
  8   -0.1818071152117735   -1.0186325692969973   1.0347299833165313   0.8828828828828829   0.7567567567567568
  9   -0.20043681856174445   -1.0365645794591138   1.0557656205921857   0.8828828828828829   0.7368421052631579
 10   -0.21304329978194048   -1.0126224488462299   1.0347906413808126   0.8828828828828829   0.7368421052631579
 11   -0.20890055403145258   -1.0247914157758515   1.0458665724281095   0.8828828828828829   0.7368421052631579
 12   -0.21362741263517648   -1.0211893633461528   1.0432949665557296   0.8828828828828829   0.7368421052631579
 13   -0.22603823802991752   -1.021691923409552   1.0463974729575658   0.8828828828828829   0.7368421052631579
 14   -0.23173113931326217   -1.018262915203053   1.0442981783979335   0.8828828828828829   0.7368421052631579
 15   -0.22899739674603925   -1.0198877218114255   1.0452802365003189   0.8828828828828829   0.7368421052631579
 16   -0.2272600555569717   -1.0091165033666165   1.0343902794490212   0.8828828828828829   0.7368421052631579
 17   -0.232696610282078   -0.9837474549187881   1.0108940436544092   0.8828828828828829   0.7368421052631579
 18   -0.2330177678690779   -0.9850656180415847   1.0122507357321784   0.8828828828828829   0.7368421052631579
 19   -0.2361272740159004   -0.9876322920911953   1.0154671998225684   0.8828828828828829   0.7368421052631579
 20   -0.2307751279253374   -0.9846972389896678   1.0113781746423198   0.8828828828828829   0.7368421052631579
 21   -0.20703851985845834   -0.9927877364677649   1.0141461622399255   0.8828828828828829   0.7368421052631579
 22   -0.20077259131419822   -0.9838578659339312   1.004134420176446   0.8828828828828829   0.7368421052631579
 23   -0.20335427435684572   -0.9751116585643587   0.9960902105569223   0.8828828828828829   0.7368421052631579
 24   -0.19170036853384875   -0.9600183159202587   0.9789709894569824   0.8828828828828829   0.7692307692307693
 25   -0.18222539581388908   -0.9591001146887201   0.9762577143743575   0.8828828828828829   0.7692307692307693
 26   -0.1569207454311945   -0.9434719963061937   0.9564327096877626   0.8828828828828829   0.7692307692307693
 27   -0.15104273541223545   -0.9130236411942896   0.9254329134521256   0.8828828828828829   0.7692307692307693
 28   -0.14467483718294272   -0.9223268531946864   0.9336046447174112   0.8828828828828829   0.8
 29   -0.12487820381614068   -0.9295634555252796   0.9379140598351451   0.8828828828828829   0.8
 30   -0.1191275302015633   -0.9164615707254953   0.9241716177575279   0.8828828828828829   0.8
 31   -0.10775671616459981   -0.9164433229054865   0.9227566710550663   0.8828828828828829   0.8
 32   -0.09932695279942472   -0.9006051281788743   0.9060659139679109   0.8828828828828829   0.8
 33   -0.0813138551475392   -0.8888527308956924   0.8925643507667586   0.8828828828828829   0.8
 34   -0.09070245582165981   -0.8832779197262184   0.88792275506823   0.8828828828828829   0.8
 35   -0.09204323870997122   -0.8726782806792279   0.8775188541344705   0.8828828828828829   0.8
 36   -0.07608437433870918   -0.8621435580499615   0.8654942788404555   0.8828828828828829   0.8
 37   -0.07651143902681312   -0.843689097113181   0.8471512809939015   0.8828828828828829   0.8
 38   -0.06733200543290874   -0.8169732510630219   0.8197431865579003   0.8828828828828829   0.8
 39   -0.07631712100433585   -0.8101863745957942   0.8137728580747008   0.8828828828828829   0.8
 40   -0.08462485316012547   -0.8099606531539045   0.8143694649419713   0.8828828828828829   0.8
 41   -0.07815101841970584   -0.8202311468542796   0.8239458210039807   0.8828828828828829   0.8
 42   -0.062087336212557354   -0.802579464093153   0.804977411796147   0.8727272727272727   0.8
 43   -0.07265116417700135   -0.7893727056091393   0.792708937767808   0.8828828828828829   0.7804878048780488
 44   -0.06276124725784271   -0.7912687125264455   0.7937538343722308   0.8828828828828829   0.7804878048780488
 45   -0.05410888297821881   -0.7534223167636362   0.7553627993319737   0.8828828828828829   0.7804878048780488
 46   -0.05899379995011511   -0.7631462375145297   0.7654230518250265   0.8828828828828829   0.7804878048780488
 47   -0.04566032416262367   -0.765587204525211   0.7669476076860551   0.8828828828828829   0.7804878048780488
 48   -0.04621509118267131   -0.7677016321393744   0.7690914319133206   0.8727272727272727   0.7804878048780488
 49   -0.03893122619678202   -0.7486594909012432   0.7496710436516096   0.8828828828828829   0.7804878048780488
 50   -0.04286204339549027   -0.7492785124714771   0.7505034603621135   0.8828828828828829   0.7804878048780488
 51   -0.042159490748741923   -0.7383678852118294   0.7395705217032265   0.8828828828828829   0.7804878048780488
 52   -0.022525290380193574   -0.7289265740297068   0.7292745292641158   0.8828828828828829   0.7804878048780488
 53   -0.03618972255743991   -0.7345814429615984   0.7354723600260777   0.8727272727272727   0.7619047619047619
 54   -0.034938502038672326   -0.7336678179550802   0.7344992621015184   0.8727272727272727   0.7619047619047619
 55   -0.034700306576897155   -0.7080431991449103   0.7088929983656841   0.8828828828828829   0.7619047619047619
 56   -0.051546136591540836   -0.7248398331072323   0.7266703433169914   0.8828828828828829   0.7619047619047619
 57   -0.043418798170257844   -0.6994401179711893   0.7007864658097364   0.8727272727272727   0.7619047619047619
 58   -0.04242104550399883   -0.6925025025554028   0.6938005917748615   0.8727272727272727   0.7619047619047619
 59   -0.045462194455692995   -0.697289828207321   0.6987702881821196   0.8727272727272727   0.7619047619047619
 60   -0.03399815882752222   -0.6935101147327067   0.6943429657166792   0.8727272727272727   0.6666666666666666
 61   -0.04075601746993751   -0.6905942086231001   0.6917957891919954   0.8727272727272727   0.6666666666666666
 62   -0.05034997227190807   -0.6840791289776966   0.6859295695701316   0.8727272727272727   0.6666666666666666
 63   -0.048153565986018165   -0.6636368402830257   0.6653815609843783   0.8727272727272727   0.6666666666666666
 64   -0.035853419730430325   -0.6486091438342463   0.6495993297192973   0.8623853211009175   0.6666666666666666
 65   -0.03226364884092536   -0.6366973113433225   0.6375142424356858   0.8828828828828829   0.6666666666666666
 66   -0.030972278022591837   -0.6406304491287678   0.6413787136761209   0.8623853211009175   0.6666666666666666
 67   -0.01608785192013862   -0.6492309024049909   0.6494301991877212   0.8623853211009175   0.6666666666666666
 68   -0.023197131768630364   -0.6402144373155423   0.6406345546952238   0.8623853211009175   0.6666666666666666
 69   -0.026602101456321137   -0.6278750681115746   0.6284383605080189   0.8623853211009175   0.6666666666666666
 70   -0.01601509930091982   -0.6172666353823537   0.6174743578172862   0.8623853211009175   0.6666666666666666
 71   -0.025363512761768625   -0.6048288316168886   0.6053604078023826   0.8623853211009175   0.6666666666666666
 72   -0.023506617360491866   -0.6101346532412073   0.6105873042780212   0.8623853211009175   0.6829268292682927
 73   -0.019060120843684025   -0.6059976076885079   0.6062972775221496   0.8623853211009175   0.6829268292682927
 74   -0.021827471260882803   -0.5959656194195162   0.5963652052490422   0.8623853211009175   0.6829268292682927
 75   -0.02892835033635599   -0.5937505431207022   0.594454840092426   0.8727272727272727   0.6829268292682927
 76   -0.030600683559526942   -0.5801307771203952   0.5809372775064654   0.8828828828828829   0.6829268292682927
 77   -0.031404826428870436   -0.5696104561435824   0.5704755339811932   0.8623853211009175   0.6829268292682927
 78   -0.03451945417143243   -0.5884443037643017   0.5894559282498967   0.8623853211009175   0.6829268292682927
 79   -0.04120708852495625   -0.5949132208934351   0.596338632438403   0.8623853211009175   0.7
 80   -0.030431040237230533   -0.5869173770662854   0.587705756065302   0.8623853211009175   0.7
 81   -0.04229517248876391   -0.5785964416369467   0.5801402622562848   0.8623853211009175   0.7
 82   -0.03899465050459572   -0.5800112409059288   0.581320584828381   0.8623853211009175   0.7
 83   -0.03538714579910884   -0.576318888066929   0.5774042871597931   0.8623853211009175   0.7
 84   -0.02223221165916467   -0.5714164275823386   0.5718487605531902   0.8623853211009175   0.7
 85   -0.025884177480780757   -0.573504014178372   0.5740878372884788   0.8623853211009175   0.7
 86   -0.014358055388598245   -0.5969766861586159   0.5971493260244581   0.8623853211009175   0.7
 87   -0.015704037386117697   -0.5830052299356119   0.5832166963680826   0.8623853211009175   0.7
 88   -0.01643682652390943   -0.5530636240548965   0.5533078180533083   0.8623853211009175   0.7
 89   -0.024329694908918675   -0.5618976328107443   0.5624241138257491   0.8623853211009175   0.7
 90   -0.014194423813928658   -0.5398550845032339   0.5400416594406429   0.8623853211009175   0.7
 91   -0.009949137724748702   -0.5533905746509973   0.5534800027589317   0.8623853211009175   0.7
 92   -0.022472038562912466   -0.5404418699791904   0.5409088715705975   0.8623853211009175   0.7317073170731707
 93   -0.02667822640337203   -0.5476712416469596   0.548320633107265   0.8623853211009175   0.7317073170731707
 94   -0.023144143520856808   -0.5468919857891592   0.547381489913318   0.8727272727272727   0.7317073170731707
 95   -0.027141191773592865   -0.5370822045130659   0.5377675508019293   0.8727272727272727   0.7317073170731707
 96   -0.03179558688438355   -0.5422716282731912   0.5432029806392639   0.8727272727272727   0.7317073170731707
 97   -0.014312639230297464   -0.5599949407839766   0.560177815827605   0.8623853211009175   0.7317073170731707
 98   -0.025878533558895356   -0.5655121351917352   0.5661039423535877   0.8727272727272727   0.7317073170731707
 99   -0.024041741941566386   -0.5475577449907689   0.5480852939597639   0.8828828828828829   0.7317073170731707
100   -0.027451812749129445   -0.559212601304587   0.559886002219252   0.8828828828828829   0.7317073170731707
101   -0.023424167732663648   -0.5678857136996136   0.5683686087901825   0.8828828828828829   0.7317073170731707
102   -0.02034512628413765   -0.5590178073984617   0.5593879093724686   0.8727272727272727   0.7317073170731707
103   -0.017071925924864395   -0.552752943598243   0.5530165163096907   0.8727272727272727   0.7317073170731707
104   -0.023336626641145664   -0.5687623624529472   0.5692409183167053   0.8828828828828829   0.7317073170731707
105   -0.015988236897051422   -0.5634831185911722   0.5637098976036427   0.8828828828828829   0.7317073170731707
106   -0.012766832939703043   -0.5711112512624936   0.5712539307015063   0.8928571428571429   0.7317073170731707
107   -0.017519888892951307   -0.5696938879208595   0.5699632202530319   0.8928571428571429   0.7317073170731707
108   -0.018100157574803433   -0.5718691379972469   0.5721555091912923   0.8928571428571429   0.7317073170731707
109   -0.02557636042673561   -0.5621713546361242   0.5627528606645135   0.8928571428571429   0.7317073170731707
110   -0.022262247518897382   -0.5648750639079836   0.5653135815542036   0.8928571428571429   0.7317073170731707
111   -0.00985050381236352   -0.5763368676602454   0.5764210418173339   0.8928571428571429   0.7317073170731707
112   -0.01644684427397003   -0.5710239163619839   0.571260721338296   0.8928571428571429   0.7317073170731707
113   -0.029744057920175315   -0.5628355610192521   0.5636209521739012   0.8928571428571429   0.7317073170731707
114   -0.02366310473741784   -0.5732822538596274   0.5737704115028834   0.8928571428571429   0.7317073170731707
115   -0.018404515181959624   -0.5637598690892673   0.5640602061612137   0.8928571428571429   0.7317073170731707
116   -0.017739078483670845   -0.5825388404614529   0.5828088670839041   0.8928571428571429   0.7619047619047619
117   -0.010474562958790123   -0.5820556763066769   0.5821499177960955   0.8928571428571429   0.7619047619047619
118   -0.011850292190525025   -0.5740777094232392   0.5742000051215899   0.8928571428571429   0.7619047619047619
119   -0.006298606529303363   -0.5853406409634516   0.5853745283215827   0.9009009009009009   0.7619047619047619
120   -0.019635865197079383   -0.5914257016510263   0.5917515760650297   0.8928571428571429   0.7619047619047619
121   -0.0036556847475992527   -0.5890258882449082   0.5890372323153069   0.8928571428571429   0.7619047619047619
122   -0.01282748995092664   -0.593633993183385   0.5937725678753543   0.8928571428571429   0.7619047619047619
123   -0.008358969387229465   -0.6030810091941241   0.6031389359176041   0.8928571428571429   0.7619047619047619
124   -0.001544984168864616   -0.6175719589633886   0.6175738915093152   0.8928571428571429   0.7619047619047619
125   -0.004963368996985906   -0.6323027874643969   0.6323222675717237   0.8928571428571429   0.7619047619047619
126   0.008453611786590542   -0.6403545417775263   0.6404103393351359   0.9009009009009009   0.7619047619047619
127   0.015078843794892549   -0.6255843129431504   0.6257660138827805   0.9009009009009009   0.7619047619047619
128   0.021293626337407723   -0.6226179830274674   0.6229819991876081   0.9009009009009009   0.7619047619047619
129   0.015577914635422907   -0.6112365121502314   0.6114349885392302   0.9009009009009009   0.7619047619047619
130   0.004774117407360556   -0.6301951902134952   0.6302132733965882   0.9009009009009009   0.7619047619047619
131   0.011953684732407766   -0.6189950507090423   0.6191104613725822   0.9009009009009009   0.7619047619047619
132   0.006933662376366279   -0.6283822700997383   0.6284205224605972   0.8928571428571429   0.7804878048780488
133   0.017127598021056123   -0.6199935917134098   0.620230125340317   0.9009009009009009   0.7804878048780488
134   0.0186442555080637   -0.6121049110543098   0.6123887902307279   0.9009009009009009   0.7804878048780488
135   0.017281537352277887   -0.620488895967803   0.62072950755752   0.9009009009009009   0.7804878048780488
136   0.010872661400251005   -0.6375371586514618   0.637629863970708   0.9009009009009009   0.7804878048780488
137   0.011684560630092378   -0.624631096929086   0.6247403750422663   0.9009009009009009   0.7804878048780488
138   0.010947023037841674   -0.6317370309992576   0.6318318713464429   0.9009009009009009   0.7804878048780488
139   0.013519305653584723   -0.6138494101660967   0.6139982654589669   0.9009009009009009   0.7804878048780488
140   0.017348163965335672   -0.6161476459754525   0.6163918237891055   0.9009009009009009   0.7804878048780488
141   0.017656836032048595   -0.6050240886839511   0.6052816796719591   0.9009009009009009   0.7804878048780488
142   0.02102391755270716   -0.6196487353612312   0.6200052905774565   0.9009009009009009   0.7804878048780488
143   0.03180293316437499   -0.6348618144328562   0.635657887532937   0.9009009009009009   0.7804878048780488
144   0.03401047849858063   -0.6577232524714383   0.6586019962688465   0.9009009009009009   0.7804878048780488
145   0.02639102189200848   -0.6542669130480867   0.6547989611674542   0.9009009009009009   0.7804878048780488
146   0.034418485985009184   -0.6446937597895968   0.6456118617940244   0.9009009009009009   0.7804878048780488
147   0.045858251965197994   -0.656683319393494   0.6582825846420071   0.9009009009009009   0.7804878048780488
148   0.032793862385756434   -0.6623352297856364   0.6631465856244513   0.9009009009009009   0.7804878048780488
149   0.023873808184922574   -0.6635104203689757   0.6639397839077467   0.9009009009009009   0.7804878048780488
150   0.02968855298614681   -0.6728318471816372   0.6734865290117281   0.8928571428571429   0.7804878048780488
151   0.03326003705484659   -0.6719299791122353   0.6727526491175332   0.9009009009009009   0.7804878048780488
152   0.037277546270807704   -0.66289409977745   0.6639414153189481   0.9009009009009009   0.7804878048780488
153   0.03473884219514378   -0.673881788995331   0.6747765946567849   0.9009009009009009   0.7804878048780488
154   0.030495861304985716   -0.6994274940994387   0.7000920061384456   0.8288288288288288   0.7804878048780488
155   0.028205749669020896   -0.6821320443339474   0.6827149406755368   0.9009009009009009   0.7804878048780488
156   0.028952813638026598   -0.6898366973371033   0.6904440125097187   0.8288288288288288   0.7804878048780488
157   0.02275842374635495   -0.6845799720085637   0.6849581621724531   0.9009009009009009   0.7804878048780488
158   0.035203104375150396   -0.672846780994842   0.6737670585987182   0.9009009009009009   0.7804878048780488
159   0.03742708668226413   -0.6849231512760277   0.685944975906527   0.9009009009009009   0.7804878048780488
160   0.035490484923760945   -0.6914602063565383   0.6923704149476277   0.8288288288288288   0.7804878048780488
161   0.04152440884768449   -0.6869044783559204   0.6881584402705301   0.9009009009009009   0.7804878048780488
162   0.04815292447515951   -0.6914156010661472   0.6930903530804422   0.8288288288288288   0.75
163   0.04306257185388063   -0.6997821776705777   0.7011058987628378   0.8288288288288288   0.75
164   0.04791703009343529   -0.7029100265161361   0.7045413736253467   0.8288288288288288   0.75
165   0.048949888524923324   -0.7011087453719647   0.702815455453032   0.8288288288288288   0.75
166   0.051806220791199564   -0.7040168686502   0.7059204175094381   0.8288288288288288   0.75
167   0.047145002478122144   -0.7122874517828848   0.7138459674369658   0.8392857142857143   0.75
168   0.05161443167556623   -0.7100842288090483   0.7119576262394641   0.8288288288288288   0.75
169   0.04628793778211193   -0.7124433137000246   0.7139454099719336   0.8288288288288288   0.75
170   0.04411620701352792   -0.7092740525888566   0.7106447223451958   0.8288288288288288   0.75
171   0.04292640357534694   -0.7035317061184507   0.7048400794775023   0.8392857142857143   0.75
172   0.04508277973363661   -0.6959341860076407   0.6973928937712436   0.8392857142857143   0.75
173   -1.0   -1.0   -1.0   -1.0   0.75
174   -1.0   -1.0   -1.0   -1.0   0.75
175   -1.0   -1.0   -1.0   -1.0   0.75
176   -1.0   -1.0   -1.0   -1.0   0.75
177   -1.0   -1.0   -1.0   -1.0   0.75
178   -1.0   -1.0   -1.0   -1.0   0.75
179   -1.0   -1.0   -1.0   -1.0   0.75
180   -1.0   -1.0   -1.0   -1.0   0.75
181   -1.0   -1.0   -1.0   -1.0   0.75
182   -1.0   -1.0   -1.0   -1.0   0.75
183   -1.0   -1.0   -1.0   -1.0   0.75
184   -1.0   -1.0   -1.0   -1.0   0.75
185   -1.0   -1.0   -1.0   -1.0   0.75
186   -1.0   -1.0   -1.0   -1.0   0.75
187   -1.0   -1.0   -1.0   -1.0   0.75
188   -1.0   -1.0   -1.0   -1.0   0.75
189   -1.0   -1.0   -1.0   -1.0   0.75
190   -1.0   -1.0   -1.0   -1.0   0.75
191   -1.0   -1.0   -1.0   -1.0   0.75
192   -1.0   -1.0   -1.0   -1.0   0.75
193   0.07181325775926073   -0.7209423075443233   0.7245101481672508   0.8392857142857143   0.75
194   0.07155949737569944   -0.7211579751648678   0.7246996528276765   0.8392857142857143   0.75
195   0.07224909768054832   -0.7192674476611955   0.7228869852063351   0.8392857142857143   0.75
196   0.07449872320488371   -0.7186921041186274   0.722543009295376   0.8545454545454545   0.75
197   0.0764525333623256   -0.7107059135915215   0.7148061873483446   0.8545454545454545   0.75
198   0.07783596321917585   -0.7078198841671188   0.7120866700006471   0.8545454545454545   0.75
199   0.08147330217016435   -0.7055806535188118   0.7102689332827   0.8545454545454545   0.75
200   0.08799936342084802   -0.7100893542071205   0.7155213336587246   0.8545454545454545   0.75
201   0.09253577566396842   -0.7137534504723   0.7197269328285876   0.8545454545454545   0.75
202   0.09645242558854505   -0.7180327379495424   0.7244819412305803   0.8545454545454545   0.75
203   0.10265228392936265   -0.7093235010108785   0.716712857762608   0.8545454545454545   0.75
204   0.10646005581968154   -0.7085923763723585   0.7165451132609557   0.8545454545454545   0.75
205   0.10930588585801981   -0.7112454326628281   0.7195956101637503   0.8545454545454545   0.7692307692307693
206   0.10853461673878773   -0.707097531827273   0.7153786986952133   0.8545454545454545   0.7692307692307693
207   0.10318171584142544   -0.7079680134195314   0.7154475344210633   0.8545454545454545   0.7692307692307693
208   0.10646772303471508   -0.707665776761722   0.7156299516146374   0.8545454545454545   0.7692307692307693
209   0.10585349591903181   -0.7012636968804387   0.7092078222641797   0.8545454545454545   0.7692307692307693
210   0.10772105878616234   -0.6963730916349569   0.704655454289002   0.8545454545454545   0.7692307692307693
211   0.10170261648939327   -0.697753463353056   0.7051264551993301   0.8545454545454545   0.7692307692307693
212   0.10355354283087781   -0.7088903697225071   0.7164139114493375   0.8545454545454545   0.7692307692307693
213   0.10274169688737622   -0.7049761157014025   0.7124234555295992   0.8545454545454545   0.7692307692307693
214   0.09221665534894186   -0.7005355683386334   0.706579078399069   0.8545454545454545   0.7692307692307693
215   0.10152435380001634   -0.6923411797181842   0.6997453133448469   0.8545454545454545   0.7692307692307693
216   0.09785984035313078   -0.6823484800111181   0.6893301070803621   0.8545454545454545   0.7692307692307693
217   0.10340338917949143   -0.685044756848658   0.692804864142597   0.8545454545454545   0.7692307692307693
218   0.10660845334003266   -0.6761800989475226   0.6845326058970714   0.8545454545454545   0.7692307692307693
219   0.10470416001303384   -0.6682537390640988   0.6764066978506227   0.8545454545454545   0.7692307692307693
220   0.10982618648436127   -0.6834179511959881   0.6921863096411397   0.8545454545454545   0.7692307692307693
221   0.10872681087742109   -0.6940788035027623   0.7025431694034187   0.8545454545454545   0.7692307692307693
222   0.11716313088122554   -0.6901368489454285   0.7000114781274779   0.8545454545454545   0.7692307692307693
223   0.12048397378445852   -0.6919414596545153   0.7023527401012366   0.8545454545454545   0.7692307692307693
224   0.11485146604070984   -0.701261505618298   0.7106043614513934   0.8623853211009175   0.7692307692307693
225   0.1086413792540819   -0.7053432727372773   0.7136610411686786   0.8545454545454545   0.7692307692307693
226   0.11176647894832925   -0.6935464231912754   0.7024944034922406   0.8545454545454545   0.7692307692307693
227   0.11281712063456428   -0.6876932310683266   0.6968857027988655   0.8545454545454545   0.7692307692307693
228   0.09946767993363625   -0.6811848164344703   0.6884087256072828   0.8623853211009175   0.7692307692307693
229   0.10005810961571981   -0.6686663402062791   0.676111159370063   0.8623853211009175   0.7692307692307693
230   0.09854438598603377   -0.6595519128766156   0.6668730927159734   0.8545454545454545   0.8
231   0.10455163585768368   -0.6755652037547613   0.6836076280182439   0.8545454545454545   0.8
232   0.11409593871268253   -0.6458014602709703   0.6558028738263091   0.8623853211009175   0.8
233   0.11196017941015413   -0.6389822157364407   0.6487166976431277   0.8545454545454545   0.8
234   0.11439871570286808   -0.6311589437779119   0.6414426540738579   0.8623853211009175   0.8
235   0.10933996115482181   -0.6252506415538157   0.6347389950749804   0.8545454545454545   0.8
236   0.10954641568048729   -0.5850534928611353   0.5952209729986475   0.8545454545454545   0.8
237   0.11266586022680514   -0.5653425459446169   0.5764597039826698   0.8545454545454545   0.8205128205128205
238   0.11689326462297966   -0.5600696899216828   0.5721381763902736   0.8623853211009175   0.8205128205128205
239   0.12297382755709041   -0.5606510570277905   0.5739792417940041   0.8623853211009175   0.8205128205128205
240   0.13017450879343784   -0.54123791050365   0.5566721463356774   0.8623853211009175   0.85
241   0.13011119477347766   -0.5113467291353544   0.5276404082353884   0.8623853211009175   0.85
242   0.13705717232311   -0.48030340956411877   0.49947575889538853   0.8623853211009175   0.85
243   0.12613502782193908   -0.45348492087645553   0.4707001367175991   0.8623853211009175   0.8717948717948718
244   0.1185510990148746   -0.43069581480708763   0.4467138323020407   0.8623853211009175   0.8421052631578947
245   0.11504681132612138   -0.406353293845477   0.4223254292786272   0.8623853211009175   0.8421052631578947
246   0.12536024611741503   -0.36974317362500386   0.3904167078249964   0.8623853211009175   0.8421052631578947
247   0.13007774901937363   -0.3565010082409188   0.3794906977341326   0.8623853211009175   0.8421052631578947
248   0.13450883337418862   -0.3466971022138665   0.37187566058990396   0.8623853211009175   0.8421052631578947
249   0.1353659112760015   -0.3545004777541081   0.37946609685645594   0.8623853211009175   0.8421052631578947
250   0.13272545073964004   -0.34091723833268617   0.36584232760360874   0.8623853211009175   0.8421052631578947
251   0.1340949769083899   -0.34900455238055983   0.3738791788993024   0.8623853211009175   0.8421052631578947
252   0.1299143460895813   -0.34413823936373333   0.3678435334653224   0.8623853211009175   0.8421052631578947
253   0.11756468902696326   -0.3564994470922116   0.37538421901174684   0.8623853211009175   0.8421052631578947
254   0.12237144329437566   -0.3584582480264018   0.378770492134889   0.8623853211009175   0.8421052631578947
255   0.1162288113148966   -0.3900820371877458   0.40702964550044235   0.8545454545454545   0.8421052631578947
256   0.11373179862061455   -0.3984926245494549   0.41440474639872654   0.8623853211009175   0.8421052631578947
257   0.12248015351562991   -0.4060866917400503   0.4241553833368037   0.8623853211009175   0.8421052631578947
258   0.12822577567077076   -0.4434093568566908   0.4615774120279663   0.8623853211009175   0.8717948717948718
259   0.12735278117637083   -0.4705944624922189   0.48752218308677714   0.8623853211009175   0.8717948717948718
260   0.13244191553633922   -0.4710465124727463   0.4893114324269074   0.8623853211009175   0.8717948717948718
261   0.138461822291724   -0.4615463262104136   0.48186791496288117   0.8623853211009175   0.8717948717948718
262   0.13811500726928028   -0.4869005637063104   0.5061105750431582   0.8623853211009175   0.8717948717948718
263   0.13713391765788785   -0.49105550521959884   0.5098443101366101   0.8623853211009175   0.8717948717948718
264   0.14785574790644151   -0.49383288731644726   0.5154922334858907   0.8623853211009175   0.8717948717948718
265   0.14223558018226434   -0.48884880127679153   0.5091209196050986   0.8623853211009175   0.8717948717948718
266   0.13757204771335996   -0.5103078686575238   0.5285264318138039   0.8623853211009175   0.8717948717948718
267   0.13917745055146646   -0.5246641484628576   0.5428101246515777   0.8623853211009175   0.8717948717948718
268   0.1297125219272912   -0.5261934694355723   0.541945482148696   0.8623853211009175   0.8717948717948718
269   0.1389753128232929   -0.5220495958288538   0.5402313560683069   0.8623853211009175   0.8717948717948718
270   0.12294321290461951   -0.5478193786886436   0.5614455496894798   0.8623853211009175   0.8717948717948718
271   0.1161771928948081   -0.5654354229975596   0.577247224098433   0.8623853211009175   0.8717948717948718
272   0.12228221380567472   -0.5483570336024037   0.5618259304397089   0.8623853211009175   0.8717948717948718
273   0.12331418139888672   -0.5590547668101138   0.5724933358801553   0.8623853211009175   0.8717948717948718
274   0.10699000412037574   -0.5744098322995832   0.584288898083913   0.8623853211009175   0.8717948717948718
275   0.10351531607695463   -0.586128656669036   0.5951993135338451   0.8623853211009175   0.8717948717948718
276   0.10343280477376915   -0.6154247491497209   0.624056060758459   0.8623853211009175   0.8717948717948718
277   0.09760863718893997   -0.6200787089791895   0.6277141478277994   0.8623853211009175   0.8717948717948718
278   0.1063630832555873   -0.6351797073503178   0.6440235757402599   0.8623853211009175   0.8717948717948718
279   0.10371272191449332   -0.6508973166554064   0.6591082198820778   0.8623853211009175   0.8717948717948718
280   0.10336413146133783   -0.6079742293984793   0.6166983114014757   0.8623853211009175   0.8717948717948718
281   0.10780742136150856   -0.5874864961867097   0.5972962609144266   0.8623853211009175   0.8717948717948718
282   0.10605696223092753   -0.5613307055274355   0.5712619716081063   0.8623853211009175   0.8717948717948718
283   0.11494858245344375   -0.5218712031273363   0.5343806969395785   0.8623853211009175   0.8717948717948718
284   0.11631270405627703   -0.491425421037885   0.5050025639213583   0.8623853211009175   0.8717948717948718
285   0.10391456422572709   -0.4833547444948252   0.4943986707950179   0.8623853211009175   0.8717948717948718
286   0.09876540506717113   -0.4728141316749159   0.48301946994876627   0.8623853211009175   0.85
287   0.10569921307731978   -0.479832535994845   0.49133653054134785   0.8623853211009175   0.8717948717948718
288   0.11161277631943278   -0.5016872913056645   0.5139528675815969   0.8623853211009175   0.8717948717948718
289   0.10772126397135295   -0.5174700212399657   0.5285632351892027   0.8623853211009175   0.8717948717948718
290   0.1073604775143231   -0.5161303712881704   0.5271781788903711   0.8623853211009175   0.8717948717948718
291   0.09673778612764128   -0.5358143825473363   0.5444770443365454   0.8623853211009175   0.8717948717948718
292   0.10175718457913607   -0.5553212321761656   0.5645672639456942   0.8623853211009175   0.8717948717948718
293   0.10816016004974927   -0.5687956112629813   0.5789879684535905   0.8623853211009175   0.8717948717948718
294   0.09108917064769351   -0.5878034271184127   0.5948193893455691   0.8623853211009175   0.8717948717948718
295   0.08551572780068106   -0.6165551862580756   0.6224574181444145   0.8727272727272727   0.8421052631578947
296   0.08009296793128495   -0.6216595805663196   0.6267978283481319   0.8623853211009175   0.8421052631578947
297   0.08247109082119852   -0.6505994330016129   0.6558056900052474   0.8623853211009175   0.7428571428571429
298   0.0810858050852179   -0.6876127575154776   0.6923772180570046   0.8623853211009175   0.7428571428571429
299   0.08308691428827952   -0.7188819802876942   0.7236675596627948   0.8727272727272727   0.7428571428571429
300   0.08832918747380614   -0.7692364244471648   0.7742911093742724   0.8623853211009175   0.6666666666666666
301   0.108262776619509   -0.8807308589429894   0.8873599465244201   0.8727272727272727   0.625
302   0.17407784834262774   -1.0679717049395414   1.0820659221300104   0.8623853211009175   0.625
303   0.2773461991886599   -1.241580343793263   1.2721802797945712   0.8623853211009175   0.5
304   0.31427549194469595   -1.5568085181287756   1.5882134135422088   0.8727272727272727   0.4444444444444444
305   0.33462773447702876   -1.9159026596289692   1.9449058388144622   0.8623853211009175   0.32
306   0.32503366583261784   -2.1485075937710327   2.172954616280879   0.8623853211009175   0.17391304347826086
307   0.3301783870211876   -1.9603687347947485   1.9879797140858044   0.8727272727272727   0.32
308   0.2934310660874768   -1.897843588345296   1.9203937295170963   0.8727272727272727   0.38461538461538464
309   0.21210876432282255   -1.8647598623498212   1.8767843435337686   0.8727272727272727   0.38461538461538464
310   0.14813317775206425   -1.8572475977629743   1.8631457478542208   0.8828828828828829   0.38461538461538464
311   0.10192303862198582   -1.82096259983134   1.8238127907727952   0.8727272727272727   0.5
312   0.07401668249267335   -1.750341458411242   1.7519057310027886   0.8727272727272727   0.6
313   0.06659433699848716   -1.5860073761715228   1.5874048642330494   0.8727272727272727   0.6
314   0.04219782920899018   -1.3744813081473026   1.3751289114974898   0.8727272727272727   0.7272727272727273
315   0.0357853273215456   -1.1306721791915813   1.1312383331771203   0.8727272727272727   0.6666666666666666
316   0.05927758679389061   -0.9560057023830595   0.9578417067997375   0.8727272727272727   0.7428571428571429
317   0.056112459304944906   -0.8125131126456218   0.8144483816119509   0.8727272727272727   0.7777777777777778
318   0.059167320588557004   -0.6856082870819513   0.6881565920203602   0.8727272727272727   0.8108108108108109
319   0.07914825440497442   -0.5687039068625097   0.5741851442314027   0.8727272727272727   0.8421052631578947
320   0.09713580544870037   -0.5203226586587597   0.5293118493042527   0.8727272727272727   0.8421052631578947
321   0.09730534693953796   -0.5061634671427981   0.5154316501855919   0.8828828828828829   0.8421052631578947
322   0.08596899467594898   -0.4626391266753025   0.4705588481544895   0.8727272727272727   0.8421052631578947
323   0.08303420633159764   -0.4445592182120386   0.45224725308001296   0.8727272727272727   0.8205128205128205
324   0.08269554088650555   -0.3887673306247308   0.3974652058276177   0.8727272727272727   0.8205128205128205
325   0.09852125417393331   -0.35873299958833726   0.372015863260763   0.8828828828828829   0.8205128205128205
326   0.09145280302648118   -0.35703070316673546   0.36855737434642916   0.8727272727272727   0.8205128205128205
327   0.0883490358771768   -0.36347651879128406   0.37405979716224164   0.8727272727272727   0.8205128205128205
328   0.08759004933975145   -0.3591843699370614   0.36970992460363283   0.8828828828828829   0.8205128205128205
329   0.08369456800830033   -0.3392667548419226   0.34943770783226186   0.8828828828828829   0.8205128205128205
330   0.07793305154557206   -0.33308294793576465   0.34207866160984685   0.8828828828828829   0.8205128205128205
331   0.08105999830169441   -0.3293689503535866   0.33919703533741874   0.8828828828828829   0.8205128205128205
332   0.07706572920590293   -0.32442956025158054   0.33345714294804285   0.8828828828828829   0.8205128205128205
333   0.10030694437495047   -0.30633252527953303   0.3223369341759879   0.8828828828828829   0.8205128205128205
334   0.09263601803677446   -0.3106262661008721   0.324145197449352   0.8828828828828829   0.8205128205128205
335   0.08991030277423473   -0.3191931917840378   0.33161446926549526   0.8727272727272727   0.8205128205128205
336   0.09801374892473191   -0.3419956911398785   0.3557636121591464   0.8828828828828829   0.8205128205128205
337   0.10269949282392954   -0.3276045578847011   0.343324820211302   0.8727272727272727   0.8205128205128205
338   0.10320856249679977   -0.31986666832923305   0.3361051812761883   0.8828828828828829   0.8205128205128205
339   0.0987880715160605   -0.3307487425999689   0.3451866361916735   0.8828828828828829   0.8205128205128205
340   0.09886184832650269   -0.3257189723587075   0.34039170672762414   0.8727272727272727   0.8205128205128205
341   0.09077368854209755   -0.3104142281425588   0.3234143713023252   0.8828828828828829   0.8205128205128205
342   0.1011477472749025   -0.2891008300019742   0.30628443755211904   0.8828828828828829   0.8205128205128205
343   0.10078363795891576   -0.277240799706739   0.2949911908892636   0.8828828828828829   0.8205128205128205
344   0.09136780961503277   -0.2647972046346858   0.2801171830077415   0.8828828828828829   0.8205128205128205
345   0.09526467657853299   -0.25873635105529047   0.27571698888719026   0.8727272727272727   0.8205128205128205
346   0.09644056190905825   -0.260090812373317   0.27739504801338266   0.8828828828828829   0.8205128205128205
347   0.09327368981427941   -0.273818815049804   0.289269294407217   0.8828828828828829   0.8205128205128205
348   0.0761466016113328   -0.277545601062144   0.2878017817976494   0.8828828828828829   0.8205128205128205
349   0.07470247390600626   -0.25460422601148025   0.2653370903409142   0.8828828828828829   0.8205128205128205
350   0.0790162714559548   -0.2589465039943697   0.2707339341229822   0.8828828828828829   0.8205128205128205
351   0.08198559675900885   -0.27433386051494324   0.2863227289283251   0.8828828828828829   0.8205128205128205
352   0.07403778104932535   -0.2708564382821521   0.280793167975293   0.8828828828828829   0.8205128205128205
353   0.09170730148683948   -0.2609020089901328   0.2765503343716753   0.8828828828828829   0.8205128205128205
354   0.09307185771282533   -0.2764430220086602   0.2916901011611416   0.8828828828828829   0.8205128205128205
355   0.08526016400081105   -0.2808323354571165   0.29348951634384424   0.8828828828828829   0.8205128205128205
356   0.10228226182377842   -0.2598430920652284   0.27924916038872294   0.8828828828828829   0.8205128205128205
357   0.10489103173401926   -0.23767961548622907   0.2597955506853586   0.8828828828828829   0.8205128205128205
358   0.09677909473181412   -0.24800834131239924   0.2662223329054814   0.8828828828828829   0.8205128205128205
359   0.09026927041944433   -0.2564552918352305   0.2718783880567781   0.8727272727272727   0.8205128205128205
360   0.08744082480706261   -0.24802711270997335   0.2629892516476391   0.8727272727272727   0.8205128205128205
361   0.08193593539563526   -0.24769415020967855   0.26089440307766765   0.8727272727272727   0.8205128205128205
362   0.09116302969343248   -0.2294674078286043   0.24691291833046053   0.8828828828828829   0.717948717948718
363   0.09591693899356368   -0.23174005368444384   0.2508057249497386   0.8727272727272727   0.717948717948718
364   0.09512400401308785   -0.22685410881085843   0.2459905746646622   0.8828828828828829   0.717948717948718
365   0.09125586281721088   -0.23653185867941673   0.25352505333566777   0.8828828828828829   0.717948717948718
366   0.08928285568412431   -0.2490104990133979   0.2645329033183086   0.8828828828828829   0.717948717948718
367   0.08618325081265166   -0.2632851985086475   0.27703185462032043   0.8828828828828829   0.717948717948718
368   0.07570617190161233   -0.253718970956502   0.26477299841037943   0.8828828828828829   0.8205128205128205
369   0.06933234085286255   -0.2444977308897336   0.254137982006559   0.8828828828828829   0.8205128205128205
370   0.0816124249011132   -0.25851941224431485   0.2710956923401511   0.8828828828828829   0.8205128205128205
371   0.08742377800590528   -0.2591471495352202   0.273496182922277   0.8828828828828829   0.8205128205128205
372   0.08888865069252283   -0.272111258426218   0.28626164462644543   0.8828828828828829   0.8205128205128205
373   0.08766753374669278   -0.2640492954797047   0.2782222617199348   0.8828828828828829   0.8205128205128205
374   0.08655304687530485   -0.26819041407604516   0.28181115685096514   0.8828828828828829   0.8205128205128205
375   0.09517838176254134   -0.26295360528040845   0.27964892791659496   0.8828828828828829   0.717948717948718
376   0.08889095971602679   -0.2400468805967293   0.25597677160917687   0.8828828828828829   0.717948717948718
377   0.0810957327438464   -0.24613691235284207   0.2591522670011822   0.8828828828828829   0.717948717948718
378   0.0857454068306227   -0.21793301860867587   0.2341945246850115   0.8828828828828829   0.717948717948718
379   0.08871377463455854   -0.21093410073164165   0.22883034908284694   0.8828828828828829   0.717948717948718
380   0.07928595624011159   -0.22478958733336896   0.23836237419193324   0.8828828828828829   0.717948717948718
381   0.08720974815315419   -0.2335849465149309   0.24933404783807547   0.8828828828828829   0.717948717948718
382   0.09703923258898506   -0.22176439490143451   0.24206622958904975   0.8828828828828829   0.717948717948718
383   0.08659637363172301   -0.24084830559279524   0.2559430370865468   0.8828828828828829   0.717948717948718
384   0.0909670144903929   -0.2558300601293908   0.2715216702053504   0.8828828828828829   0.717948717948718
385   0.08807165899751457   -0.28255166112848684   0.29595955521834694   0.8828828828828829   0.717948717948718
386   0.08989471636219637   -0.26703150599968595   0.28175678381593594   0.8828828828828829   0.8205128205128205
387   0.08549822458880563   -0.28507123418088653   0.2976164561398642   0.8828828828828829   0.8205128205128205
388   0.10067336894569667   -0.2584985502576309   0.2774105760423948   0.8828828828828829   0.8205128205128205
389   0.105576607586916   -0.2848875572908014   0.3038212309379996   0.8828828828828829   0.8421052631578947
390   0.08952597162170228   -0.27543841032245453   0.2896225431070079   0.8828828828828829   0.8421052631578947
391   0.10896906395350037   -0.26750175606127513   0.2888450214124661   0.8828828828828829   0.8421052631578947
392   0.10020130986099751   -0.2724961421567613   0.2903350650337942   0.8828828828828829   0.8421052631578947
393   0.09754805577361392   -0.26481300207429825   0.2822083436980813   0.8828828828828829   0.6842105263157895
394   0.10611835620132126   -0.27315398002720315   0.29304300422902474   0.8828828828828829   0.6842105263157895
395   0.11405439190780609   -0.2579396365970936   0.2820306019589012   0.8828828828828829   0.6842105263157895
