#2016-12-13 09:14:05.949186


sliceNumber   distortionX   distortionY   distortionNorm   dice_CT   dice_MR
  0   -0.11189179083315004   -1.0823366287566074   1.0881049355664496   0.9379310344827586   0.9076923076923077
  1   -0.12992437014590674   -1.082367299466224   1.0901372908545128   0.9379310344827586   0.9007633587786259
  2   -0.13747414100014854   -1.0809454103431868   1.0896522929750247   0.9379310344827586   0.8805970149253731
  3   -0.1576909840137546   -1.0693365155135055   1.080901026852039   0.9379310344827586   0.8805970149253731
  4   -0.16239486983208629   -1.038646476683656   1.0512652364057098   0.9354838709677419   0.8208955223880597
  5   -0.1807674229226217   -1.0428503614121567   1.0584015010796006   0.9379310344827586   0.8120300751879699
  6   -0.17196627601742964   -1.020911775045473   1.0352938000943506   0.9400921658986175   0.8208955223880597
  7   -0.19615482189727018   -1.0116520065967336   1.030493326812332   0.9379310344827586   0.8208955223880597
  8   -0.18316407151262837   -1.0132561944592346   1.0296781986150303   0.9379310344827586   0.8235294117647058
  9   -0.20095903170977092   -1.0324212044117616   1.0517975450364776   0.9379310344827586   0.8235294117647058
 10   -0.21024907311522334   -1.009293475635598   1.0309597434945732   0.9400921658986175   0.8235294117647058
 11   -0.20241061737506882   -1.0224080244661167   1.0422515178779372   0.9379310344827586   0.8321167883211679
 12   -0.2093835082888411   -1.0182570617736424   1.0395618776173137   0.9422632794457275   0.8321167883211679
 13   -0.22281210801729312   -1.0177594435338193   1.0418634845225065   0.9422632794457275   0.8321167883211679
 14   -0.23070980716990785   -1.01857623378676   1.0443775941485898   0.9379310344827586   0.8321167883211679
 15   -0.22885527255580573   -1.0155488899569356   1.0410159862698345   0.9422632794457275   0.8321167883211679
 16   -0.2238512080674866   -1.0044258531328651   1.0290678586929811   0.9422632794457275   0.8321167883211679
 17   -0.22809511019189355   -0.9815965630546444   1.007749568044632   0.9444444444444444   0.8321167883211679
 18   -0.23006206782592287   -0.9850119740348298   1.0115221915728452   0.9444444444444444   0.8321167883211679
 19   -0.2343927917361217   -0.9860039806849699   1.0134810460706503   0.9422632794457275   0.8321167883211679
 20   -0.22957788808673563   -0.9816711110435108   1.0081588054249027   0.9422632794457275   0.8201438848920863
 21   -0.20429954305071796   -0.9911696834648716   1.0120057532991529   0.9422632794457275   0.8368794326241135
 22   -0.19988887914021447   -0.984949275633543   1.0050276809993703   0.9422632794457275   0.8450704225352113
 23   -0.20247622004844157   -0.971951611095534   0.9928174827209224   0.9444444444444444   0.8531468531468531
 24   -0.19153247287097486   -0.9569672396732649   0.9759462003470983   0.9444444444444444   0.8531468531468531
 25   -0.18273434807802946   -0.9521212966494126   0.9694982235676666   0.9422632794457275   0.8531468531468531
 26   -0.16143996574784047   -0.9360175613951647   0.9498377428702309   0.9419953596287703   0.8531468531468531
 27   -0.15519064395608773   -0.9093950285962933   0.9225418440413194   0.9379310344827586   0.8531468531468531
 28   -0.1446763689873194   -0.9147120496003502   0.9260828178016417   0.9422632794457275   0.8611111111111112
 29   -0.12739076879595057   -0.9203633721950695   0.9291378502960168   0.9422632794457275   0.8611111111111112
 30   -0.12833501165105066   -0.9078381403180416   0.9168642016305334   0.9422632794457275   0.8611111111111112
 31   -0.12314490299115466   -0.908413602775525   0.9167223902798002   0.9398148148148148   0.8671328671328671
 32   -0.11486969877326558   -0.9002766444236272   0.9075753876075127   0.9419953596287703   0.8671328671328671
 33   -0.10008795809199178   -0.8885697171299931   0.8941888735359551   0.9422632794457275   0.8671328671328671
 34   -0.11231737235913819   -0.8840710293442093   0.8911771861192314   0.9419953596287703   0.8671328671328671
 35   -0.11538655042667045   -0.8734263786726117   0.8810151502559528   0.9444444444444444   0.8671328671328671
 36   -0.10093950449100575   -0.8595770440229273   0.8654833783372639   0.9444444444444444   0.8671328671328671
 37   -0.10205829380580944   -0.844190981493135   0.8503377614624058   0.9419953596287703   0.8671328671328671
 38   -0.09489938076869464   -0.8200563632884901   0.825529122103046   0.9444444444444444   0.8732394366197183
 39   -0.10640590466865696   -0.8138022580766275   0.8207291464295472   0.9422632794457275   0.8732394366197183
 40   -0.11403692964500767   -0.8143050397902698   0.8222512506227603   0.9444444444444444   0.8732394366197183
 41   -0.10892602456593181   -0.8236406870349633   0.8308121690052237   0.9466357308584686   0.8811188811188811
 42   -0.09763438024107796   -0.8091112346945053   0.8149806514966635   0.9419953596287703   0.8827586206896552
 43   -0.10968270016654014   -0.7964868267490743   0.8040034576422126   0.9466357308584686   0.8827586206896552
 44   -0.10187863716264633   -0.7906010819736196   0.7971382110575155   0.9466357308584686   0.8707482993197279
 45   -0.09337308936827071   -0.7575818300988857   0.7633143278585514   0.9444444444444444   0.8707482993197279
 46   -0.09747450453406348   -0.7710243003547781   0.7771613415319475   0.9444444444444444   0.8707482993197279
 47   -0.08643674654097389   -0.768805919301343   0.7736496963777416   0.9419953596287703   0.8707482993197279
 48   -0.08462124586874165   -0.7672471604601689   0.7718995792760677   0.9419953596287703   0.8767123287671232
 49   -0.08099763118113046   -0.7530679231512423   0.7574113236123948   0.9468822170900693   0.8767123287671232
 50   -0.08591278019564541   -0.7492196878077664   0.7541293963238087   0.9441860465116279   0.8767123287671232
 51   -0.08084411064017694   -0.7406900011809299   0.7450888860227396   0.9466357308584686   0.8707482993197279
 52   -0.06618275786721473   -0.7324055805329408   0.7353897550514995   0.9466357308584686   0.8707482993197279
 53   -0.0814594514632434   -0.7333525335533331   0.7378628468094766   0.9441860465116279   0.8783783783783784
 54   -0.08114490849240497   -0.7325810635364931   0.7370614023448114   0.9488372093023256   0.8783783783783784
 55   -0.07963347687606426   -0.713850704570028   0.7182787196169019   0.9466357308584686   0.8859060402684564
 56   -0.09624668357047916   -0.7291907666722359   0.7355151924320524   0.9490740740740741   0.8859060402684564
 57   -0.08710671242239165   -0.7027040731038738   0.7080823354002073   0.9441860465116279   0.8859060402684564
 58   -0.08332267812970251   -0.6953243999508842   0.7002990003261201   0.9463869463869464   0.8933333333333333
 59   -0.0832354123175918   -0.7009041041148656   0.7058290848560591   0.9463869463869464   0.8933333333333333
 60   -0.07636312286937041   -0.6989937328247144   0.7031525901698655   0.9488372093023256   0.8933333333333333
 61   -0.0837881975722592   -0.6961161521861783   0.7011406131346967   0.9488372093023256   0.84
 62   -0.0940412027217361   -0.6907200748328002   0.6970925114978497   0.9466357308584686   0.84
 63   -0.09003390735672312   -0.6706970587006609   0.6767131216576465   0.9466357308584686   0.8456375838926175
 64   -0.0802081337797933   -0.6542850107148155   0.6591829942971249   0.9488372093023256   0.8456375838926175
 65   -0.0788283528425211   -0.6406939144651815   0.6455250585721536   0.9488372093023256   0.8456375838926175
 66   -0.07709316186211268   -0.6464365012436346   0.6510172852897299   0.9488372093023256   0.8533333333333334
 67   -0.06218491899280654   -0.6567933009798779   0.6597305543645726   0.9488372093023256   0.8590604026845637
 68   -0.0693836309922915   -0.6498055217924588   0.6534992765119515   0.9488372093023256   0.8590604026845637
 69   -0.07359813468667475   -0.6388713891154083   0.6430966780038669   0.951276102088167   0.8590604026845637
 70   -0.06796779367980754   -0.627143844270865   0.6308161557732489   0.951276102088167   0.8590604026845637
 71   -0.07475749105103002   -0.6156532956112528   0.6201755097270784   0.9488372093023256   0.8590604026845637
 72   -0.07290629823384087   -0.6249540436377821   0.6291922480302634   0.9488372093023256   0.8648648648648649
 73   -0.06813684143989995   -0.6195566244735389   0.6232920985304176   0.9488372093023256   0.8648648648648649
 74   -0.07190832420738857   -0.6059344915834863   0.6101863774133711   0.951276102088167   0.8648648648648649
 75   -0.07827721906193208   -0.6031322240838222   0.6081905973889826   0.9488372093023256   0.8707482993197279
 76   -0.08202896761366762   -0.5891415374927966   0.5948247664036362   0.9466357308584686   0.8707482993197279
 77   -0.07703640804712819   -0.5773078392042486   0.5824250590174517   0.9488372093023256   0.8707482993197279
 78   -0.07921334919889578   -0.5949779926475252   0.6002279287288994   0.951276102088167   0.8707482993197279
 79   -0.08722505528565438   -0.60211660797831   0.6084016928583379   0.9537037037037037   0.8707482993197279
 80   -0.07433731690594136   -0.5951098176961374   0.599734717857074   0.9537037037037037   0.8707482993197279
 81   -0.08646137890972927   -0.584964634555142   0.5913198742839637   0.951276102088167   0.8707482993197279
 82   -0.0807103052763809   -0.5874214073414379   0.5929401851627212   0.951276102088167   0.8767123287671232
 83   -0.0749719225425256   -0.5871077484114693   0.5918752380481106   0.9537037037037037   0.8767123287671232
 84   -0.06359499135480728   -0.5780856569627275   0.5815731679775523   0.951276102088167   0.8767123287671232
 85   -0.06642320872172913   -0.5765916036459373   0.5804049621185918   0.951276102088167   0.8767123287671232
 86   -0.05311062964181357   -0.5990565745341954   0.6014062840323452   0.951276102088167   0.8827586206896552
 87   -0.053925445402231986   -0.5894837896528635   0.591945176452457   0.951276102088167   0.8827586206896552
 88   -0.05640254031287917   -0.5577245229854384   0.5605692553940866   0.951276102088167   0.8827586206896552
 89   -0.060835376772820915   -0.56801111747966   0.5712596368093786   0.9537037037037037   0.8827586206896552
 90   -0.05663175173941237   -0.5449045491218456   0.5478395047445522   0.9537037037037037   0.896551724137931
 91   -0.051947099447317235   -0.5573562735526032   0.5597718435304099   0.951276102088167   0.9027777777777778
 92   -0.06277997865088825   -0.5465783109685987   0.5501719510668388   0.951276102088167   0.9027777777777778
 93   -0.06783131785716368   -0.5513530160582079   0.5555098882996791   0.9537037037037037   0.9027777777777778
 94   -0.061926856782293704   -0.549908646589131   0.5533845454875158   0.9537037037037037   0.9027777777777778
 95   -0.06593196809000634   -0.5446150598649098   0.5485914580522384   0.9561200923787528   0.896551724137931
 96   -0.06914871794850352   -0.5469686218857177   0.5513222456254444   0.9561200923787528   0.9027777777777778
 97   -0.05369952134316858   -0.5634691916628505   0.5660222332609132   0.9561200923787528   0.9027777777777778
 98   -0.06493120871138114   -0.5698533927521581   0.5735407144186595   0.9585253456221198   0.896551724137931
 99   -0.06464241700746598   -0.5539351689903853   0.5576941935514247   0.9585253456221198   0.896551724137931
100   -0.07026019524210536   -0.5673387791145714   0.5716727956818229   0.9585253456221198   0.896551724137931
101   -0.06311904768370002   -0.5742133512217578   0.5776720409556091   0.9585253456221198   0.896551724137931
102   -0.060745844357199985   -0.5648869075056915   0.5681437105856342   0.9585253456221198   0.896551724137931
103   -0.05588887189725256   -0.5569244792917907   0.5597217537637604   0.9585253456221198   0.896551724137931
104   -0.06393594350595766   -0.5737309817078646   0.5772824648674746   0.960919540229885   0.8904109589041096
105   -0.05925743575947884   -0.5701358178571425   0.5732070258610074   0.9585253456221198   0.8904109589041096
106   -0.050447311400890094   -0.5743229940533539   0.5765343291825623   0.960919540229885   0.8904109589041096
107   -0.05464272550869431   -0.5692453790096366   0.5718619842014708   0.9610983981693364   0.8904109589041096
108   -0.058564435138629634   -0.5724142364212739   0.5754023384735735   0.9585253456221198   0.8843537414965986
109   -0.06472066157318057   -0.5665943298029674   0.5702787902415308   0.9585253456221198   0.8843537414965986
110   -0.06029924570163203   -0.5712170395758775   0.5743908994178228   0.9585253456221198   0.8918918918918919
111   -0.04948339839995075   -0.5785461777115835   0.5806584938342773   0.963302752293578   0.8918918918918919
112   -0.0553948264579347   -0.5759149376551669   0.5785729013811998   0.960919540229885   0.8918918918918919
113   -0.06848069593147255   -0.5639635324318704   0.5681060390704292   0.960919540229885   0.8918918918918919
114   -0.06292034409352087   -0.5722306296486863   0.5756794795795479   0.963302752293578   0.8918918918918919
115   -0.056733817001553   -0.5585141232980533   0.5613882363524896   0.9655172413793104   0.8918918918918919
116   -0.05596109528717541   -0.5800564046433188   0.5827495832289148   0.965675057208238   0.8918918918918919
117   -0.05521388180807563   -0.5790971098677815   0.5817233323509842   0.9631336405529954   0.8918918918918919
118   -0.05261972771533241   -0.5720116569485185   0.5744268199081807   0.9655172413793104   0.8918918918918919
119   -0.04674031498403863   -0.5835156120290534   0.5853845971038595   0.967741935483871   0.8918918918918919
120   -0.059661310856160554   -0.588835028687889   0.5918497807914965   0.9631336405529954   0.8918918918918919
121   -0.041691566390925416   -0.5851546443622517   0.5866380012638477   0.963302752293578   0.8918918918918919
122   -0.054753568227257965   -0.5914498201824578   0.5939788237197339   0.963302752293578   0.8918918918918919
123   -0.04778034223708616   -0.6006942410498688   0.6025915136597685   0.960919540229885   0.8918918918918919
124   -0.03877573973808257   -0.6116533015719199   0.6128811624744763   0.9655172413793104   0.8918918918918919
125   -0.043820424628918   -0.6255130353439036   0.6270460804436961   0.960919540229885   0.8918918918918919
126   -0.02913677529969494   -0.6321987289529396   0.6328698006419466   0.9655172413793104   0.8918918918918919
127   -0.022456703439155845   -0.6185730090368118   0.6189805094170655   0.9655172413793104   0.8918918918918919
128   -0.01668735503223573   -0.6155557703629135   0.6157819210118561   0.967741935483871   0.8918918918918919
129   -0.024721941491219646   -0.6043553614677393   0.6048607916916893   0.9653579676674365   0.8979591836734694
130   -0.03401317845769469   -0.6222949003440164   0.6232237473836858   0.9678899082568807   0.8979591836734694
131   -0.02753551032895274   -0.6100975091798553   0.610718572696573   0.9587155963302753   0.8979591836734694
132   -0.03253980896163888   -0.6190798574019389   0.619934439282143   0.9631336405529954   0.8979591836734694
133   -0.02550065595112816   -0.6129810434768643   0.6135112412302836   0.9631336405529954   0.8979591836734694
134   -0.025766136177919563   -0.6062034446777602   0.6067507808917277   0.9653579676674365   0.8918918918918919
135   -0.023856640359546155   -0.6132528171064244   0.613716674841258   0.9653579676674365   0.8918918918918919
136   -0.029289823293110473   -0.6323436883868148   0.6330216694483553   0.9655172413793104   0.8918918918918919
137   -0.029186156322722923   -0.618295331915764   0.6189838036570257   0.9631336405529954   0.8979591836734694
138   -0.030660710958217763   -0.6270047247295238   0.6277539358933637   0.963302752293578   0.8979591836734694
139   -0.026493735113279016   -0.6080605609886511   0.6086374650233797   0.960919540229885   0.8979591836734694
140   -0.020211076763484215   -0.6097156560717103   0.6100505461704756   0.9653579676674365   0.8979591836734694
141   -0.023360887999102076   -0.5974514271769031   0.5979079686070633   0.960919540229885   0.8979591836734694
142   -0.018315928555550087   -0.614059922884703   0.6143330221728435   0.960919540229885   0.8918918918918919
143   -0.004496579864277983   -0.6288281277421746   0.6288442044498815   0.9631336405529954   0.8918918918918919
144   -0.0066534076633715244   -0.6512340736152993   0.6512680603799883   0.963302752293578   0.8918918918918919
145   -0.01081873562315927   -0.6432908241147075   0.643381791342173   0.9655172413793104   0.8918918918918919
146   -0.00382950790489911   -0.6399748018060016   0.6399862592879825   0.9605568445475638   0.8918918918918919
147   0.007599540860790732   -0.650070183916533   0.6501146030036319   0.9587155963302753   0.8918918918918919
148   -0.006671969576860448   -0.6572179332126176   0.6572517987151494   0.9587155963302753   0.8979591836734694
149   -0.012381258301455311   -0.654416211243511   0.6545333246637935   0.9610983981693364   0.8979591836734694
150   -0.007272064036418335   -0.6650853805106429   0.6651251358085458   0.9655172413793104   0.8979591836734694
151   -0.009550671602010397   -0.6618956355202137   0.6619645365491696   0.963302752293578   0.8979591836734694
152   -0.0017163873472441082   -0.6557071082576122   0.6557093546725453   0.960919540229885   0.8979591836734694
153   -0.006576698779040768   -0.661253747347633   0.6612864518104975   0.9563218390804598   0.8979591836734694
154   -0.010373720154854382   -0.6849257545687628   0.6850043089947977   0.9195402298850575   0.8979591836734694
155   -0.010572023237743089   -0.6716210857023626   0.671704287938792   0.960919540229885   0.8979591836734694
156   -0.008051652284209787   -0.6786457802687202   0.6786935421683677   0.963302752293578   0.8979591836734694
157   -0.015888770607084268   -0.6735947620085376   0.6737821283150385   0.963302752293578   0.8979591836734694
158   -0.006339354113676698   -0.6624904588286995   0.6625207886924299   0.963302752293578   0.8979591836734694
159   -0.002480969327614879   -0.6742189734267718   0.6742235381069506   0.960919540229885   0.8979591836734694
160   -0.0017881621688671245   -0.6811682956765814   0.681170642760594   0.9585253456221198   0.8979591836734694
161   0.0027159905313052235   -0.6734286888771628   0.6734341657559265   0.9587155963302753   0.8979591836734694
162   0.009078121051910415   -0.6800294610018476   0.6800900529432088   0.919908466819222   0.8979591836734694
163   0.006178307564773888   -0.6903262385882343   0.6903538854585702   0.9170506912442397   0.8979591836734694
164   0.011696659696467826   -0.6927288936040519   0.6928276350449286   0.9195402298850575   0.8979591836734694
165   0.012172764580571815   -0.6894230288434677   0.6895304843857413   0.9244851258581236   0.8979591836734694
166   0.014302412535063702   -0.6916609744798592   0.6918088338715772   0.9287356321839081   0.8979591836734694
167   0.008105472363784116   -0.7016908910113635   0.7017377039967008   0.9290617848970252   0.8979591836734694
168   0.014158578718492798   -0.6990577312190567   0.6992010990612519   0.9241379310344827   0.9041095890410958
169   0.010693715771023626   -0.7039690049216141   0.7040502222479011   0.9269406392694064   0.9041095890410958
170   0.009128316297379868   -0.7008004384331485   0.7008598866153763   0.9244851258581236   0.9041095890410958
171   0.009352851197683698   -0.691693184743702   0.6917564149658543   0.9269406392694064   0.9041095890410958
172   0.01632339938036509   -0.686206777014128   0.6864008990287295   0.9251700680272109   0.9103448275862069
173   -1.0   -1.0   -1.0   -1.0   0.9103448275862069
174   -1.0   -1.0   -1.0   -1.0   0.9041095890410958
175   -1.0   -1.0   -1.0   -1.0   0.9041095890410958
176   -1.0   -1.0   -1.0   -1.0   0.9041095890410958
177   -1.0   -1.0   -1.0   -1.0   0.9041095890410958
178   -1.0   -1.0   -1.0   -1.0   0.9041095890410958
179   -1.0   -1.0   -1.0   -1.0   0.9041095890410958
180   -1.0   -1.0   -1.0   -1.0   0.9041095890410958
181   -1.0   -1.0   -1.0   -1.0   0.9103448275862069
182   -1.0   -1.0   -1.0   -1.0   0.9103448275862069
183   -1.0   -1.0   -1.0   -1.0   0.9103448275862069
184   -1.0   -1.0   -1.0   -1.0   0.9103448275862069
185   -1.0   -1.0   -1.0   -1.0   0.9103448275862069
186   -1.0   -1.0   -1.0   -1.0   0.9103448275862069
187   -1.0   -1.0   -1.0   -1.0   0.9103448275862069
188   -1.0   -1.0   -1.0   -1.0   0.9103448275862069
189   -1.0   -1.0   -1.0   -1.0   0.9166666666666666
190   -1.0   -1.0   -1.0   -1.0   0.9090909090909091
191   -1.0   -1.0   -1.0   -1.0   0.9090909090909091
192   -1.0   -1.0   -1.0   -1.0   0.9090909090909091
193   0.04496303457426798   -0.7167646469586799   0.7181735400360612   0.9272727272727272   0.9090909090909091
194   0.04301008496492109   -0.7169689173196865   0.718257819874767   0.9272727272727272   0.9166666666666666
195   0.04169845200535072   -0.7140060031861637   0.7152225761855693   0.9272727272727272   0.9166666666666666
196   0.039045763474270245   -0.7124195597359453   0.7134887530575704   0.9357798165137615   0.9166666666666666
197   0.04068675224595353   -0.7046948293170026   0.7058684114439766   0.9379310344827586   0.9103448275862069
198   0.04249099251764932   -0.7032701168754372   0.7045525826615967   0.9379310344827586   0.9103448275862069
199   0.04622953305544808   -0.7008335376464743   0.7023566168383386   0.9357798165137615   0.9103448275862069
200   0.05313992922137967   -0.706713653712697   0.7087087133806125   0.9354838709677419   0.9103448275862069
201   0.05902572616189605   -0.7111842409601863   0.7136294983666632   0.9354838709677419   0.9166666666666666
202   0.06324496186389705   -0.7156423619091434   0.7184315662330429   0.9354838709677419   0.9166666666666666
203   0.06884936128494079   -0.7066962676773443   0.7100421461423491   0.9376443418013857   0.9230769230769231
204   0.07370827971573579   -0.7053552518883173   0.7091959826910221   0.9376443418013857   0.9230769230769231
205   0.07584363222102031   -0.7072873266420778   0.7113421251247355   0.9376443418013857   0.9230769230769231
206   0.07669822547982363   -0.7038928843783232   0.7080591857113284   0.9354838709677419   0.9230769230769231
207   0.07137465617114191   -0.7060968424612994   0.7096950700669731   0.9354838709677419   0.9295774647887324
208   0.07448192365699224   -0.7050347174322447   0.7089580451172065   0.9376443418013857   0.9295774647887324
209   0.0737792096656884   -0.6978714113587898   0.701760556437025   0.9354838709677419   0.9295774647887324
210   0.07661317427845038   -0.6929742514610879   0.6971964512682745   0.9354838709677419   0.9295774647887324
211   0.07264931566523103   -0.6946144046994753   0.6984032461856351   0.9354838709677419   0.9295774647887324
212   0.07500245617379875   -0.7060246056477943   0.7099972621160071   0.9354838709677419   0.9295774647887324
213   0.07576275599016302   -0.7008161681057352   0.7048994940228225   0.9354838709677419   0.9295774647887324
214   0.06789026198929982   -0.6951610378034587   0.6984682928758882   0.9354838709677419   0.9295774647887324
215   0.07455991003523721   -0.6888249546285756   0.6928484670572072   0.9354838709677419   0.9295774647887324
216   0.0691741163968631   -0.6791751244303832   0.6826887343616512   0.9376443418013857   0.9295774647887324
217   0.0742041236029527   -0.6819100356714607   0.6859355280994964   0.9354838709677419   0.9230769230769231
218   0.0775392402580719   -0.6763141560507293   0.6807445713734405   0.9354838709677419   0.9230769230769231
219   0.07412734646565777   -0.6654554959997689   0.6695714156461118   0.9354838709677419   0.9230769230769231
220   0.08503476237384167   -0.6820626003711929   0.6873429287023249   0.9333333333333333   0.9230769230769231
221   0.08491968162958763   -0.6915817511404541   0.6967759114941958   0.9398148148148148   0.9295774647887324
222   0.09433133115331405   -0.6848199774566268   0.6912863383293866   0.9398148148148148   0.9219858156028369
223   0.10278595999708884   -0.6869077789498093   0.6945554336079182   0.9398148148148148   0.9142857142857143
224   0.09802526016400392   -0.6993533118479647   0.7061897807409402   0.9398148148148148   0.9142857142857143
225   0.09401861283144175   -0.705434548174992   0.7116722569537213   0.9398148148148148   0.9142857142857143
226   0.09427398009424781   -0.6898989200296874   0.6963103497585971   0.9398148148148148   0.9142857142857143
227   0.09413018135739648   -0.6873716588037375   0.6937869185628813   0.9398148148148148   0.9142857142857143
228   0.07958291703456055   -0.6748977965354754   0.6795737461469283   0.9398148148148148   0.9142857142857143
229   0.07777201270869583   -0.6607625465093889   0.6653237022910982   0.9398148148148148   0.9230769230769231
230   0.07806278063477023   -0.6516131036458432   0.6562723783334178   0.9398148148148148   0.9230769230769231
231   0.08313634386859547   -0.6687504796723438   0.6738982532503162   0.9398148148148148   0.9103448275862069
232   0.09113411210941802   -0.6397506224664191   0.6462091653142523   0.9398148148148148   0.9103448275862069
233   0.08744690595731175   -0.6324397723000814   0.6384567541725014   0.9398148148148148   0.9103448275862069
234   0.09031838017256089   -0.6270980793259753   0.6335687893917459   0.9398148148148148   0.9103448275862069
235   0.08492821927106764   -0.6202904117010597   0.6260774690697827   0.9376443418013857   0.9103448275862069
236   0.0898641484819942   -0.5841673430076817   0.5910389579537446   0.9354838709677419   0.8551724137931035
237   0.09154286132793388   -0.5630204315052012   0.5704139740157216   0.9354838709677419   0.8551724137931035
238   0.0913902050760198   -0.5544168593580494   0.5618987662597953   0.9398148148148148   0.8689655172413793
239   0.10535579538788742   -0.5608940209418734   0.570703028159267   0.9398148148148148   0.8689655172413793
240   0.10915865198702068   -0.5406362247632792   0.5515461348154971   0.9398148148148148   0.8827586206896552
241   0.1105584600744951   -0.5107700591858588   0.5225985327713516   0.9398148148148148   0.8827586206896552
242   0.1183845236821055   -0.48114959086637654   0.49549957037147924   0.9398148148148148   0.8811188811188811
243   0.10949700628236858   -0.4566429464853847   0.46958745187627726   0.9398148148148148   0.8951048951048951
244   0.09829373330591107   -0.43410525057734617   0.4450944018812572   0.9398148148148148   0.9014084507042254
245   0.09594556543404398   -0.4042210890470521   0.4154518508285205   0.9398148148148148   0.9078014184397163
246   0.10392906439353755   -0.36580761849842247   0.38028471462471836   0.9398148148148148   0.9078014184397163
247   0.10544190666028275   -0.35421361854594124   0.36957446238013436   0.9398148148148148   0.9078014184397163
248   0.1080333544388612   -0.34519452427011643   0.3617049422628679   0.9398148148148148   0.9154929577464789
249   0.1071782836588957   -0.35039250121980814   0.36641791631843   0.9398148148148148   0.9154929577464789
250   0.10581613603891515   -0.3388685071129238   0.3550055207446046   0.9398148148148148   0.9230769230769231
251   0.10578025634785071   -0.34764328202601646   0.3633803987157775   0.9398148148148148   0.9230769230769231
252   0.10367553405566099   -0.3421926926634349   0.35755342995694855   0.9398148148148148   0.9166666666666666
253   0.08786927574516223   -0.3549523781491004   0.365666788721209   0.9398148148148148   0.9230769230769231
254   0.09852062702926112   -0.3585873327517888   0.37187523332467415   0.9398148148148148   0.9230769230769231
255   0.09083468633638958   -0.38805549904133585   0.3985448664555228   0.9398148148148148   0.9154929577464789
256   0.09145693576812963   -0.39803270228829035   0.4084047051528846   0.9398148148148148   0.9154929577464789
257   0.10401643030401342   -0.4091870283839363   0.42220071289715505   0.9398148148148148   0.9090909090909091
258   0.1123186598699002   -0.44506022400970124   0.45901425288386827   0.9398148148148148   0.9090909090909091
259   0.11292352559374308   -0.4737772082877889   0.48704883299879864   0.9398148148148148   0.8936170212765957
260   0.11709558347385052   -0.47596407738324586   0.4901562798010099   0.9398148148148148   0.9014084507042254
261   0.12226539655668756   -0.46685733160028065   0.48260190143025594   0.9398148148148148   0.9027777777777778
262   0.12081141815747287   -0.49219738943190094   0.5068073291900957   0.9398148148148148   0.896551724137931
263   0.12093476451309115   -0.5006753915877091   0.5150738442294879   0.9419953596287703   0.896551724137931
264   0.13179900942941813   -0.5000732795495679   0.5171501366199531   0.9398148148148148   0.8979591836734694
265   0.12417907784082693   -0.4915854256661767   0.5070272912780872   0.9398148148148148   0.8979591836734694
266   0.11723073577540255   -0.5187173369615579   0.5317995121048276   0.9398148148148148   0.8979591836734694
267   0.12006878320487946   -0.5316652756861302   0.5450545643059135   0.9398148148148148   0.8904109589041096
268   0.11246813225540819   -0.5339592284441181   0.5456753049329408   0.9398148148148148   0.896551724137931
269   0.12064517390643914   -0.531215048672145   0.5447427704179876   0.9398148148148148   0.896551724137931
270   0.10833215465406365   -0.5545646322970867   0.5650467123404888   0.9398148148148148   0.8888888888888888
271   0.10446617619900334   -0.5695918039034638   0.5790923976738453   0.9419953596287703   0.8888888888888888
272   0.10877110960155711   -0.5470264270240186   0.5577356597409008   0.9419953596287703   0.8951048951048951
273   0.11457051466337376   -0.5608990766797817   0.5724807219902361   0.9398148148148148   0.8794326241134752
274   0.0992672918254609   -0.5762271950069078   0.5847151233651222   0.9398148148148148   0.8794326241134752
275   0.09897417141412124   -0.5835075009398238   0.5918419470265269   0.9398148148148148   0.8714285714285714
276   0.10823557857961141   -0.6102997844494062   0.6198231742759018   0.9398148148148148   0.8714285714285714
277   0.10357881718763728   -0.6163358468408013   0.624978757615775   0.9398148148148148   0.8633093525179856
278   0.11773619620826548   -0.6267255377723515   0.6376885694393732   0.9419953596287703   0.8633093525179856
279   0.12091055145240137   -0.6406865863754057   0.6519959075131484   0.9398148148148148   0.8695652173913043
280   0.11384076663861897   -0.6062764172093758   0.6168717972262191   0.9398148148148148   0.8714285714285714
281   0.11029353009897314   -0.5914281131889112   0.6016243644101265   0.9398148148148148   0.8714285714285714
282   0.10382078499892611   -0.5683890273865799   0.5777930787498717   0.9398148148148148   0.8794326241134752
283   0.1049988723596691   -0.5324620630430559   0.5427159586532069   0.9398148148148148   0.8951048951048951
284   0.09971217193884829   -0.5016325432010724   0.5114466987195618   0.9398148148148148   0.9103448275862069
285   0.08191859084172037   -0.49134964283000926   0.4981316362515744   0.9419953596287703   0.9041095890410958
286   0.07632120086698002   -0.4826468586941033   0.48864395617777123   0.9398148148148148   0.9115646258503401
287   0.08554155634311034   -0.4900393771168936   0.49744944364901506   0.9398148148148148   0.9115646258503401
288   0.08900083197396125   -0.5100237275837323   0.5177309637161587   0.9398148148148148   0.9178082191780822
289   0.08727777592270503   -0.5282232620197824   0.535385118124172   0.9419953596287703   0.9178082191780822
290   0.08495241973911938   -0.527298790826098   0.5340982385537295   0.9398148148148148   0.9103448275862069
291   0.07988702652258439   -0.5472559354055981   0.5530560512672077   0.9419953596287703   0.9103448275862069
292   0.0835543723993899   -0.5645614408014374   0.5707109194564713   0.9419953596287703   0.9103448275862069
293   0.09345914256896926   -0.573900047695183   0.5814601242340357   0.9419953596287703   0.8951048951048951
294   0.08681273111022048   -0.5850368457031472   0.5914427792382823   0.9398148148148148   0.8714285714285714
295   0.0940339227405449   -0.6064085347232648   0.6136560026685894   0.9422632794457275   0.8776978417266187
296   0.1071590711985353   -0.5994699360423645   0.6089723070540806   0.9398148148148148   0.8759124087591241
297   0.11802763845690833   -0.626812436210372   0.6378278401165132   0.9398148148148148   0.8740740740740741
298   0.12019715035438772   -0.6618707807416087   0.6726962801687117   0.9398148148148148   0.84375
299   0.12903512117275717   -0.69844662938306   0.7102659759502955   0.9444444444444444   0.8870967741935484
300   0.13494104154129882   -0.7573460643997549   0.7692737782831599   0.9419953596287703   0.859504132231405
301   0.130528590688491   -0.882407998836026   0.8920098594729342   0.9419953596287703   0.7894736842105263
302   0.1572818776709557   -1.0261265796983423   1.0381104693659147   0.9419953596287703   0.7567567567567568
303   0.18223959458983696   -1.209224448797876   1.2228798131487801   0.9419953596287703   0.6857142857142857
304   0.1960867415004035   -1.4977305794938012   1.5105121313458836   0.9419953596287703   0.5319148936170213
305   0.21113815458512697   -1.8302281301378294   1.8423665022653415   0.9441860465116279   0.3373493975903614
306   0.22270370777890847   -1.954072546736267   1.966722262895001   0.9419953596287703   0.2962962962962963
307   0.21522099669372707   -1.9196593479885564   1.931686333165323   0.9419953596287703   0.3764705882352941
308   0.20059409102412573   -1.91577488838481   1.9262480142286005   0.9444444444444444   0.4835164835164835
309   0.163982223133055   -1.8664892887070827   1.8736788503801634   0.9419953596287703   0.5161290322580645
310   0.13125242754813282   -1.845164763013127   1.8498270736483902   0.9444444444444444   0.5773195876288659
311   0.12005813854160063   -1.8085072282125587   1.812487889925653   0.9419953596287703   0.6470588235294118
312   0.11612472384599926   -1.7722477693595309   1.7760481714999012   0.9444444444444444   0.6601941747572816
313   0.11331909871657686   -1.6216802326456836   1.6256346437892175   0.9444444444444444   0.7454545454545455
314   0.1056508082325971   -1.3675188302105248   1.371593906468151   0.9468822170900693   0.8205128205128205
315   0.10051992142358568   -1.1539981628602014   1.1583678234860133   0.9444444444444444   0.8387096774193549
316   0.11464676080731984   -0.9608839161298981   0.96769921982026   0.9490740740740741   0.8992248062015504
317   0.10804896086347071   -0.8005730463418672   0.8078315297590045   0.9444444444444444   0.9104477611940298
318   0.10190848656562679   -0.6833397422472665   0.6908969119692584   0.9419953596287703   0.8695652173913043
319   0.10259940355648389   -0.5778040095631276   0.5868424925628453   0.9444444444444444   0.8776978417266187
320   0.10971373593061795   -0.530093287328949   0.5413279940323289   0.9444444444444444   0.8920863309352518
321   0.1023322312854269   -0.5181559882688411   0.528164286693746   0.9466357308584686   0.9
322   0.08440673399547638   -0.4732238643794098   0.48069254473308104   0.9466357308584686   0.9090909090909091
323   0.07612455280776853   -0.45250226382608005   0.45886081365476183   0.9488372093023256   0.9166666666666666
324   0.075600357846632   -0.39493671987428414   0.4021074816657825   0.9444444444444444   0.9103448275862069
325   0.08579170910966916   -0.36680804297797565   0.3767072573568109   0.9444444444444444   0.9115646258503401
326   0.08270810360564251   -0.3649023648848342   0.37415821025414686   0.9468822170900693   0.9115646258503401
327   0.07904587781185146   -0.369108722067061   0.3774778132619519   0.9466357308584686   0.9115646258503401
328   0.08067801842609068   -0.36408462096261474   0.3729162826676404   0.9466357308584686   0.9178082191780822
329   0.07678879434245989   -0.33653951024426476   0.34518887712673796   0.9490740740740741   0.9178082191780822
330   0.07181406962767145   -0.3344009367380245   0.3420252141111183   0.9515011547344111   0.9178082191780822
331   0.0707569683484186   -0.33237660022555815   0.33982459143999516   0.9490740740740741   0.9115646258503401
332   0.06680602543911185   -0.32722930170775655   0.33397913247853855   0.9468822170900693   0.9054054054054054
333   0.09117143839474995   -0.30694468167050815   0.3201987957266193   0.9515011547344111   0.9115646258503401
334   0.08497284714930142   -0.31156905798664525   0.3229483900677383   0.9490740740740741   0.9178082191780822
335   0.08312368353152877   -0.3231138786216121   0.33363471839985664   0.9466357308584686   0.9178082191780822
336   0.09452390030299274   -0.34320433258359984   0.35598311987037295   0.9488372093023256   0.9178082191780822
337   0.09741307183843428   -0.3266412592786203   0.3408574758284213   0.9444444444444444   0.9241379310344827
338   0.09245912515507726   -0.3206767152378056   0.33373978713984775   0.9466357308584686   0.9241379310344827
339   0.0917595479993274   -0.32777293342543956   0.3403746620055002   0.9490740740740741   0.9241379310344827
340   0.0893557728345602   -0.3257835616164222   0.33781560526172066   0.9466357308584686   0.9241379310344827
341   0.08575282427292841   -0.3086251959896096   0.3203171217253437   0.9444444444444444   0.9241379310344827
342   0.0962203627220024   -0.28775567676105496   0.3034166899011431   0.951276102088167   0.9241379310344827
343   0.09084577947973038   -0.277784638313733   0.29226231527922186   0.9444444444444444   0.9241379310344827
344   0.08392788410180962   -0.2590407239261552   0.2722976062729772   0.9444444444444444   0.9115646258503401
345   0.09173687659299112   -0.2541905424972484   0.27023783306947075   0.9468822170900693   0.9115646258503401
346   0.09113112319127925   -0.25652233168607097   0.27222892621424843   0.9466357308584686   0.9115646258503401
347   0.09125072436647841   -0.2650489648505072   0.28031704990195017   0.9490740740740741   0.9115646258503401
348   0.07030422211183662   -0.26935013599788604   0.27837417159073896   0.951276102088167   0.9115646258503401
349   0.07140322943831467   -0.2480792798428766   0.2581506348269957   0.9515011547344111   0.9115646258503401
350   0.07331409351835472   -0.24942328944157666   0.2599748711400288   0.9515011547344111   0.9115646258503401
351   0.07836871970425374   -0.2710119610143593   0.2821154714667959   0.951276102088167   0.9115646258503401
352   0.07208999762168045   -0.26605602278030105   0.27564973247722546   0.9515011547344111   0.9178082191780822
353   0.08985275069130161   -0.25726590001097804   0.2725055230912793   0.9490740740740741   0.9178082191780822
354   0.09320499197209475   -0.26872480448435   0.28442958895598464   0.9488372093023256   0.9178082191780822
355   0.08833481231061668   -0.273187427478895   0.2871139313904646   0.9488372093023256   0.9115646258503401
356   0.1005918520162119   -0.2554618162486264   0.2745532011343128   0.9488372093023256   0.9178082191780822
357   0.10371167701795958   -0.22990377804276463   0.25221391537386345   0.9488372093023256   0.9178082191780822
358   0.09027637828505064   -0.23863911507391578   0.2551439823306189   0.9490740740740741   0.9178082191780822
359   0.08636688348601318   -0.2488423854448243   0.26340419768287116   0.9466357308584686   0.9241379310344827
360   0.07960957208502872   -0.23717638301195265   0.25018057603697746   0.9466357308584686   0.9241379310344827
361   0.07784661812053795   -0.23497875116764888   0.24753809697319867   0.9466357308584686   0.9241379310344827
362   0.08270172726849179   -0.216254779434216   0.23152905934533013   0.9488372093023256   0.9178082191780822
363   0.08899633012674357   -0.21639987295680996   0.23398558030731684   0.9466357308584686   0.8689655172413793
364   0.08852636591365926   -0.21571428721286168   0.2331728354024801   0.9490740740740741   0.8689655172413793
365   0.08665925217359405   -0.228065181890031   0.2439744928836199   0.9537037037037037   0.8689655172413793
366   0.08432073672189144   -0.23440413797996484   0.24910898527241632   0.9537037037037037   0.8689655172413793
367   0.08147186867098721   -0.24898467932849044   0.26197525823072265   0.951276102088167   0.8611111111111112
368   0.07221068436181888   -0.23699563843950955   0.24775252889799726   0.9537037037037037   0.8611111111111112
369   0.0632892854474747   -0.2256717448438188   0.23437847613060717   0.951276102088167   0.9370629370629371
370   0.07302765427941882   -0.24755768852362436   0.2581043344012536   0.9490740740740741   0.9370629370629371
371   0.07587616697296262   -0.23784071553433606   0.24965055313456422   0.9490740740740741   0.9370629370629371
372   0.07926655155355533   -0.25587656995713814   0.26787311408243764   0.9515011547344111   0.9370629370629371
373   0.0811121836360904   -0.24931145340232064   0.2621743449153489   0.9515011547344111   0.9370629370629371
374   0.0781393815163236   -0.2545105916696784   0.26623561785719685   0.9537037037037037   0.8671328671328671
375   0.08711391959575376   -0.24874349137599694   0.2635567481383395   0.951276102088167   0.8732394366197183
376   0.08089414754648416   -0.22585865745168832   0.23990830801193908   0.9537037037037037   0.8732394366197183
377   0.07318278472031903   -0.2297426257668711   0.24111697176614744   0.951276102088167   0.8732394366197183
378   0.07659700454413265   -0.2081477516994994   0.22179402075504726   0.9488372093023256   0.8873239436619719
379   0.08287911107700197   -0.1952624894697479   0.21212351790133369   0.951276102088167   0.8873239436619719
380   0.07539252548416453   -0.207000708635924   0.22030280587104448   0.9537037037037037   0.8794326241134752
381   0.07723265115026301   -0.21741442185631144   0.23072475644111615   0.9537037037037037   0.8794326241134752
382   0.08417308924268863   -0.20631865549944806   0.2228284016003291   0.9515011547344111   0.8794326241134752
383   0.07784107408403251   -0.22307226963330606   0.23626356107938068   0.9515011547344111   0.8794326241134752
384   0.08207676927610041   -0.24117891619917486   0.25476237099267784   0.9490740740740741   0.8794326241134752
385   0.08510293529536295   -0.2672144007916266   0.28043902293781225   0.951276102088167   0.8794326241134752
386   0.0827578911057314   -0.2500334814756968   0.26337351878866966   0.9537037037037037   0.8794326241134752
387   0.07656194389860005   -0.26801506505357864   0.27873608727469495   0.9537037037037037   0.8714285714285714
388   0.0897780641307726   -0.23757680304823836   0.2539740895164122   0.9537037037037037   0.8776978417266187
389   0.0934039055816589   -0.26936589816449086   0.2851004676809042   0.9537037037037037   0.8695652173913043
390   0.08119757027973584   -0.2553997232236931   0.2679963881138544   0.9537037037037037   0.8695652173913043
391   0.09900485833997497   -0.25366582606167754   0.2723018789624334   0.951276102088167   0.8613138686131386
392   0.09088124312066803   -0.2582901852589643   0.27381238129834096   0.9537037037037037   0.9781021897810219
393   0.09096042254323322   -0.2558748623921403   0.2715616756345421   0.951276102088167   0.8613138686131386
394   0.09759410031023208   -0.2608957881294529   0.2785520071352063   0.9561200923787528   0.8613138686131386
395   0.10376802669475982   -0.2452807309839926   0.26632769355845465   0.9537037037037037   0.8613138686131386
