#2016-12-12 19:13:24.069901


sliceNumber   distortionX   distortionY   distortionNorm   dice_CT   dice_MR
  0   -0.11869856360019337   -1.068307918526461   1.074881927370206   0.8807339449541285   0.7058823529411765
  1   -0.13581620336838363   -1.0716443742506598   1.0802165088353772   0.8909090909090909   0.7058823529411765
  2   -0.1451573765541463   -1.0710576075642884   1.0808492321732108   0.8888888888888888   0.7058823529411765
  3   -0.1591411850189992   -1.0637526759875975   1.075590848064461   0.8807339449541285   0.7058823529411765
  4   -0.16157374008879   -1.0317833841818356   1.0443577094846388   0.8888888888888888   0.7058823529411765
  5   -0.17755166004699774   -1.0379545351318562   1.0530309629760335   0.8990825688073395   0.7058823529411765
  6   -0.1681205394170746   -1.0147976011595716   1.0286295188711576   0.8807339449541285   0.7058823529411765
  7   -0.1911022808151932   -1.0036403079969283   1.0216721340865367   0.8888888888888888   0.7058823529411765
  8   -0.17611294282571333   -1.0065049218494444   1.0217964211807993   0.8807339449541285   0.7058823529411765
  9   -0.19260942743924225   -1.0288682968742648   1.0467417847069178   0.8807339449541285   0.7058823529411765
 10   -0.19647162100383042   -1.0056152812023953   1.0246283187808374   0.8807339449541285   0.7058823529411765
 11   -0.1908397641496995   -1.0200505085241645   1.0377489366514039   0.8807339449541285   0.6666666666666666
 12   -0.18926418740373396   -1.0179284342973958   1.0353739565899576   0.8807339449541285   0.6470588235294118
 13   -0.2026312848652978   -1.0204476922077994   1.0403715346636437   0.8727272727272727   0.6470588235294118
 14   -0.20877502503876855   -1.0191276688919295   1.0402923707213452   0.8727272727272727   0.6470588235294118
 15   -0.20745674007063464   -1.0228095130040877   1.04363671787284   0.8727272727272727   0.6857142857142857
 16   -0.20418558627517758   -1.0132280911539269   1.0335970773691112   0.8727272727272727   0.6857142857142857
 17   -0.21151743034916937   -0.9853259241668617   1.0077731888559032   0.8727272727272727   0.7222222222222222
 18   -0.21238653858367584   -0.9868097903305006   1.0094065603430968   0.8727272727272727   0.7222222222222222
 19   -0.21640008683307155   -0.9897090731094025   1.0130908384623925   0.8727272727272727   0.7222222222222222
 20   -0.21195410520931635   -0.9878919692919688   1.0103737356575764   0.8727272727272727   0.7222222222222222
 21   -0.1888239930435942   -0.9975289225367341   1.0152430505284067   0.8727272727272727   0.7222222222222222
 22   -0.17971135281572703   -0.9888384106678707   1.0050361051937484   0.8727272727272727   0.7567567567567568
 23   -0.18098737796260167   -0.979238569937305   0.9958235826865297   0.8727272727272727   0.7567567567567568
 24   -0.16919793441872866   -0.9612964433104949   0.9760731493760967   0.8727272727272727   0.7368421052631579
 25   -0.1629754816800677   -0.961511847091856   0.9752261479917582   0.8727272727272727   0.7368421052631579
 26   -0.136607498653607   -0.9458569474207081   0.9556709547079557   0.8727272727272727   0.7368421052631579
 27   -0.12559544458904348   -0.916097880265486   0.9246672601149217   0.8727272727272727   0.7368421052631579
 28   -0.11979004692490847   -0.9285132062002646   0.9362085394988484   0.8727272727272727   0.7368421052631579
 29   -0.1028798083020428   -0.9409341103504723   0.9465417344086312   0.8727272727272727   0.7368421052631579
 30   -0.10169221323034794   -0.9263552603369725   0.9319202619246276   0.8623853211009175   0.7368421052631579
 31   -0.09466832025417737   -0.9336971330264525   0.9384841112568526   0.8623853211009175   0.7368421052631579
 32   -0.08840232077268961   -0.9195153873061166   0.9237551178806617   0.8727272727272727   0.7692307692307693
 33   -0.06972452516743655   -0.9053061740583352   0.9079872125740347   0.8623853211009175   0.8
 34   -0.08084759453520451   -0.8989067717190515   0.9025351615225281   0.8623853211009175   0.8
 35   -0.08094379945860908   -0.8867895332144577   0.8904760383578614   0.8623853211009175   0.8205128205128205
 36   -0.06322508887802503   -0.8757467767277483   0.8780260980248108   0.8623853211009175   0.8205128205128205
 37   -0.06608576807058952   -0.8531792393083428   0.8557348556230734   0.8623853211009175   0.8205128205128205
 38   -0.05392185322246057   -0.8216398272791068   0.8234072941298158   0.8623853211009175   0.8205128205128205
 39   -0.06363729884193159   -0.8152896663971347   0.8177694943795889   0.8623853211009175   0.8205128205128205
 40   -0.07628192087576835   -0.8127202223628487   0.8162922830028563   0.8623853211009175   0.8205128205128205
 41   -0.06544769862741617   -0.8262716659678446   0.8288596185343466   0.8623853211009175   0.8205128205128205
 42   -0.052344107195638756   -0.8062695995704559   0.807966937906256   0.8623853211009175   0.8205128205128205
 43   -0.05788034394772534   -0.794462980801228   0.7965686173074353   0.8727272727272727   0.8205128205128205
 44   -0.05359034391724826   -0.7890986510424902   0.7909163078595906   0.8623853211009175   0.8205128205128205
 45   -0.04281826607267902   -0.7500922811822193   0.7513134061086733   0.8623853211009175   0.8205128205128205
 46   -0.04674075888098006   -0.7648219042624547   0.7662488132326323   0.8623853211009175   0.8205128205128205
 47   -0.03405727301750705   -0.764750822463828   0.7655087970131306   0.8623853211009175   0.8205128205128205
 48   -0.03578081104915842   -0.767337270160688   0.7681710438548124   0.8623853211009175   0.8205128205128205
 49   -0.025937925122157424   -0.7454501404966116   0.7459012588312616   0.8623853211009175   0.8205128205128205
 50   -0.03133637331767147   -0.7468685882237196   0.7475256894368223   0.8623853211009175   0.8205128205128205
 51   -0.03098898266279715   -0.7327148998031525   0.7333699212812174   0.8623853211009175   0.8205128205128205
 52   -0.009290718593738312   -0.7238098005283433   0.7238694252369472   0.8623853211009175   0.8205128205128205
 53   -0.02395004563038139   -0.7309047010267165   0.7312969893748033   0.8623853211009175   0.8205128205128205
 54   -0.02193235812848826   -0.7290761884362063   0.7294060027705714   0.8623853211009175   0.8205128205128205
 55   -0.01701922185874505   -0.7070849780675807   0.7072897709719181   0.8623853211009175   0.8205128205128205
 56   -0.033027243483855884   -0.7267472090547251   0.7274972884354788   0.8623853211009175   0.8205128205128205
 57   -0.02470399810324242   -0.6984117532507703   0.698848527651808   0.8623853211009175   0.8205128205128205
 58   -0.024021388308445246   -0.6878816729752621   0.6883009684080872   0.8623853211009175   0.8205128205128205
 59   -0.025693465506930302   -0.694997896487692   0.6954726668188135   0.8623853211009175   0.8205128205128205
 60   -0.013566214702906088   -0.6913387967202773   0.6914718895457763   0.8623853211009175   0.6666666666666666
 61   -0.021666267266975403   -0.6893993520811286   0.6897397290189712   0.8623853211009175   0.717948717948718
 62   -0.03348900197741589   -0.6861412603372337   0.6869580353927093   0.8623853211009175   0.717948717948718
 63   -0.033213577797925   -0.6639265701931905   0.66475682197224   0.8623853211009175   0.717948717948718
 64   -0.022209705324597095   -0.6460907353604917   0.646472357745686   0.8623853211009175   0.717948717948718
 65   -0.019058912335609968   -0.635291558000926   0.6355773798733403   0.8623853211009175   0.717948717948718
 66   -0.019627340541994442   -0.6400969944865587   0.6403978410702811   0.8623853211009175   0.717948717948718
 67   -0.004145293605597011   -0.6513889409248712   0.6514021306522584   0.8623853211009175   0.717948717948718
 68   -0.012963478893027514   -0.6426006732232352   0.6427314190328376   0.8623853211009175   0.717948717948718
 69   -0.018033514770965375   -0.630181383234838   0.6304393574569788   0.8623853211009175   0.717948717948718
 70   -0.007140117216181352   -0.619828518449232   0.6198696423901003   0.8623853211009175   0.717948717948718
 71   -0.01877619324019353   -0.607329222689188   0.6076193958102772   0.8623853211009175   0.717948717948718
 72   -0.017416279330434215   -0.6143707777104908   0.6146175878465479   0.8623853211009175   0.717948717948718
 73   -0.0126291927120592   -0.6100044687402182   0.61013518861937   0.8623853211009175   0.717948717948718
 74   -0.01596735121905457   -0.5987882103725717   0.5990010660976655   0.8623853211009175   0.717948717948718
 75   -0.022379223000584147   -0.5972075958269443   0.5976267582157853   0.8623853211009175   0.717948717948718
 76   -0.022891430778069655   -0.5850437047478358   0.5854913783038483   0.8623853211009175   0.717948717948718
 77   -0.0272326802751639   -0.5698670193293403   0.5705173429390872   0.8623853211009175   0.717948717948718
 78   -0.03092432944286383   -0.5910751958401264   0.5918836045110005   0.8623853211009175   0.717948717948718
 79   -0.038203665347254834   -0.5984093779340753   0.5996276374929795   0.8623853211009175   0.717948717948718
 80   -0.02583971874510116   -0.5894232878917087   0.5899894095438477   0.8623853211009175   0.717948717948718
 81   -0.03919747510907179   -0.5799602624109177   0.5812833629398547   0.8623853211009175   0.717948717948718
 82   -0.03525063201587386   -0.5815304502578371   0.5825978644267428   0.8623853211009175   0.717948717948718
 83   -0.031190592782275317   -0.5772802204177623   0.5781222240700403   0.8623853211009175   0.717948717948718
 84   -0.016149421645141437   -0.5717669205650537   0.5719949433971572   0.8623853211009175   0.717948717948718
 85   -0.020274162572402332   -0.5739859595397583   0.5743439069205742   0.8623853211009175   0.717948717948718
 86   -0.0073733283256336435   -0.6001537215323438   0.6001990131945567   0.8623853211009175   0.717948717948718
 87   -0.009081442408274576   -0.5844136405956952   0.5844841964591765   0.8623853211009175   0.717948717948718
 88   -0.00989194164712881   -0.5507198325999667   0.5508086641734001   0.8623853211009175   0.717948717948718
 89   -0.018889926370336596   -0.560866136094603   0.5611841515367005   0.8623853211009175   0.717948717948718
 90   -0.007548251755974178   -0.5364216733671867   0.5364747783098701   0.8623853211009175   0.7368421052631579
 91   -0.0028933458964290892   -0.5518518057887221   0.5518593906084681   0.8623853211009175   0.7368421052631579
 92   -0.017067612108858654   -0.5376632513712956   0.5379340807740772   0.8623853211009175   0.7368421052631579
 93   -0.022224030330384892   -0.5465507350330334   0.5470023889246508   0.8623853211009175   0.7368421052631579
 94   -0.018823603269229494   -0.5460382710860365   0.5463626282339096   0.8623853211009175   0.7368421052631579
 95   -0.02362148656352936   -0.5348337629524416   0.5353551425188138   0.8623853211009175   0.7368421052631579
 96   -0.029285496277116962   -0.5424854341626251   0.5432753321942833   0.8623853211009175   0.7368421052631579
 97   -0.01005994509091046   -0.5632734304426705   0.5633632575327274   0.8703703703703703   0.7368421052631579
 98   -0.023879982929402743   -0.5641885484158315   0.5646936972804564   0.8703703703703703   0.7368421052631579
 99   -0.021945596453703864   -0.5448077732408407   0.5452495932940732   0.8623853211009175   0.7368421052631579
100   -0.025805901905651574   -0.5609425769275624   0.5615358574332527   0.8623853211009175   0.7368421052631579
101   -0.020210108713303754   -0.57193017702593   0.5722871446110904   0.8623853211009175   0.7368421052631579
102   -0.018574165475809146   -0.5613739616903501   0.5616811590992183   0.8623853211009175   0.7368421052631579
103   -0.014752236055913137   -0.5522820613033197   0.5524790527305928   0.8703703703703703   0.7368421052631579
104   -0.021884489538700258   -0.5646331478975419   0.5650570967495736   0.8703703703703703   0.7368421052631579
105   -0.01315072462025313   -0.5586309291177329   0.5587856982108429   0.8703703703703703   0.7368421052631579
106   -0.0068376291193299465   -0.5626969835284257   0.5627385258216847   0.8703703703703703   0.7368421052631579
107   -0.014439774388425697   -0.5619032882545589   0.5620887940847732   0.8703703703703703   0.7368421052631579
108   -0.015825109003641202   -0.5642083004586773   0.5644301908840864   0.8703703703703703   0.7368421052631579
109   -0.025355607916905498   -0.5543878110569196   0.5549673430944551   0.8807339449541285   0.7368421052631579
110   -0.02240631195511611   -0.560860688571907   0.561308074768913   0.8703703703703703   0.7368421052631579
111   -0.007338477549141409   -0.5672320836082569   0.5672795518325192   0.8703703703703703   0.7368421052631579
112   -0.01589363183474557   -0.5618604403520671   0.5620851910213586   0.8807339449541285   0.7368421052631579
113   -0.02978394611486479   -0.5511343658337857   0.551938558762823   0.8703703703703703   0.7368421052631579
114   -0.022841184203877596   -0.5583592006572182   0.5588261953903049   0.8807339449541285   0.7368421052631579
115   -0.01721993358177354   -0.5465692113135674   0.5468404052998423   0.8703703703703703   0.7368421052631579
116   -0.016276677570417952   -0.5690020156352631   0.5692347705733756   0.8807339449541285   0.7368421052631579
117   -0.009235938025585533   -0.5718147182932078   0.5718893027570573   0.8703703703703703   0.7368421052631579
118   -0.00941884163996587   -0.5638956215321969   0.5639742782796228   0.8703703703703703   0.7368421052631579
119   -0.004243280016225093   -0.5783977748737108   0.5784133395800584   0.8703703703703703   0.7368421052631579
120   -0.021684925333361527   -0.5817265858190268   0.5821306181909478   0.8807339449541285   0.7368421052631579
121   -0.0022766968483063366   -0.5777734677655388   0.5777779533716696   0.8807339449541285   0.7368421052631579
122   -0.01519632198952614   -0.5844064621142628   0.5846040037178318   0.8807339449541285   0.7368421052631579
123   -0.007797170932187569   -0.5894476286430042   0.5894991965960655   0.8807339449541285   0.7368421052631579
124   0.00039008522739525375   -0.6017264448185209   0.6017265712600874   0.8807339449541285   0.7368421052631579
125   -0.004741827788178554   -0.6191637155475362   0.6191818727816595   0.8807339449541285   0.7368421052631579
126   0.011259660857232845   -0.6227535980339773   0.6228553795439873   0.8909090909090909   0.717948717948718
127   0.01947370520587377   -0.6059096470218996   0.6062225049836473   0.8807339449541285   0.717948717948718
128   0.02453483404779977   -0.6036250869772068   0.6041235003788493   0.8909090909090909   0.717948717948718
129   0.01822990168717098   -0.5905907391177863   0.590872025439703   0.8909090909090909   0.717948717948718
130   0.007268074966834348   -0.6106281232622948   0.6106713763003435   0.9009009009009009   0.717948717948718
131   0.015394119728454392   -0.5984111076677046   0.5986090817071714   0.9009009009009009   0.7368421052631579
132   0.008959633153116542   -0.6121886677521431   0.6122542282013104   0.8909090909090909   0.7368421052631579
133   0.019105050353567243   -0.6031987669334278   0.603501247205853   0.8909090909090909   0.7368421052631579
134   0.021577759212846992   -0.5946208825668755   0.5950122634679537   0.8909090909090909   0.7368421052631579
135   0.0209001875018906   -0.6047426468901769   0.6051036992163834   0.8807339449541285   0.7368421052631579
136   0.013834914807404175   -0.6242918526059178   0.6244451313749328   0.8909090909090909   0.7368421052631579
137   0.014920550416642087   -0.6106563608056561   0.6108386151981088   0.9009009009009009   0.7368421052631579
138   0.014062668404960732   -0.6199277224639523   0.6200872033206386   0.9009009009009009   0.7368421052631579
139   0.01688334086780774   -0.6006314553137884   0.6008686980624119   0.8909090909090909   0.7368421052631579
140   0.021008593950451626   -0.6039484964515225   0.6043137822239615   0.9009009009009009   0.7368421052631579
141   0.020966619849558832   -0.5921104787418763   0.5924815762400126   0.9009009009009009   0.7692307692307693
142   0.02402467025069921   -0.6092315909713442   0.6097051059472358   0.8909090909090909   0.75
143   0.036783872709887255   -0.6261477647014075   0.627227292559967   0.8909090909090909   0.75
144   0.038840578443507745   -0.6495047599337909   0.6506650626170715   0.8807339449541285   0.75
145   0.029216763614535957   -0.6468369716219726   0.647496476541141   0.8807339449541285   0.75
146   0.039694343589414594   -0.6358148283544374   0.6370526955192775   0.8909090909090909   0.75
147   0.0515804067787311   -0.6476465646312448   0.6496973226373283   0.8703703703703703   0.75
148   0.037066630909571074   -0.6574704811887315   0.6585145167431987   0.8909090909090909   0.75
149   0.02765043662929756   -0.6556892404597612   0.6562719914033276   0.8909090909090909   0.75
150   0.0343200893267408   -0.665820219503555   0.6667041572025463   0.8909090909090909   0.75
151   0.0376246659943833   -0.6632032605516613   0.6642696593233381   0.8909090909090909   0.75
152   0.042758599117846074   -0.6521839991282476   0.6535841694207677   0.8909090909090909   0.75
153   0.03925673810734587   -0.6619489525341677   0.663111986958395   0.8807339449541285   0.75
154   0.030635678104449227   -0.686287327210497   0.6869707710395306   0.8440366972477065   0.75
155   0.031335839390904674   -0.6695996745165615   0.6703324987966925   0.8807339449541285   0.717948717948718
156   0.032705705685971864   -0.6787372418556359   0.6795247653075004   0.8440366972477065   0.717948717948718
157   0.02523746019941875   -0.6704288525537123   0.6709037007900647   0.8807339449541285   0.717948717948718
158   0.039280776932028694   -0.6594560832905785   0.6606249353644882   0.8909090909090909   0.717948717948718
159   0.041832717824239474   -0.6705098612511193   0.6718135532389606   0.8807339449541285   0.717948717948718
160   0.03750872500680735   -0.6745933320043171   0.6756353069787895   0.8807339449541285   0.717948717948718
161   0.04264225257832166   -0.6672619195161964   0.6686230858573403   0.8807339449541285   0.717948717948718
162   0.05055359211660271   -0.6723356650893955   0.6742335739393964   0.8807339449541285   0.717948717948718
163   0.04391562997686549   -0.6796594800603586   0.6810767881760338   0.8440366972477065   0.75
164   0.04957550279504375   -0.6827152575867679   0.6845128584761196   0.8440366972477065   0.75
165   0.0496265141947978   -0.6793247244499874   0.681134988207314   0.8440366972477065   0.75
166   0.052763179113821224   -0.6816785133192269   0.683717447920783   0.8440366972477065   0.75
167   0.04698504182496066   -0.6889780750154735   0.6905782953491376   0.8440366972477065   0.717948717948718
168   0.052569986273498515   -0.6875139752334078   0.6895208985941171   0.8440366972477065   0.717948717948718
169   0.047767365301418785   -0.6928971166488935   0.6945416729384851   0.8440366972477065   0.717948717948718
170   0.045522242367285415   -0.6892828794589967   0.690784454417897   0.8440366972477065   0.717948717948718
171   0.044223355758273186   -0.6823450903666632   0.6837766649586784   0.8440366972477065   0.717948717948718
172   0.049246605352192496   -0.6786489248625038   0.6804333849509053   0.8363636363636363   0.717948717948718
173   -1.0   -1.0   -1.0   -1.0   0.717948717948718
174   -1.0   -1.0   -1.0   -1.0   0.717948717948718
175   -1.0   -1.0   -1.0   -1.0   0.717948717948718
176   -1.0   -1.0   -1.0   -1.0   0.717948717948718
177   -1.0   -1.0   -1.0   -1.0   0.717948717948718
178   -1.0   -1.0   -1.0   -1.0   0.75
179   -1.0   -1.0   -1.0   -1.0   0.75
180   -1.0   -1.0   -1.0   -1.0   0.75
181   -1.0   -1.0   -1.0   -1.0   0.75
182   -1.0   -1.0   -1.0   -1.0   0.7692307692307693
183   -1.0   -1.0   -1.0   -1.0   0.7368421052631579
184   -1.0   -1.0   -1.0   -1.0   0.7368421052631579
185   -1.0   -1.0   -1.0   -1.0   0.7368421052631579
186   -1.0   -1.0   -1.0   -1.0   0.7368421052631579
187   -1.0   -1.0   -1.0   -1.0   0.7368421052631579
188   -1.0   -1.0   -1.0   -1.0   0.7368421052631579
189   -1.0   -1.0   -1.0   -1.0   0.7368421052631579
190   -1.0   -1.0   -1.0   -1.0   0.7368421052631579
191   -1.0   -1.0   -1.0   -1.0   0.7368421052631579
192   -1.0   -1.0   -1.0   -1.0   0.7368421052631579
193   0.06537647693444004   -0.7019526550319881   0.7049905060657318   0.8545454545454545   0.7567567567567568
194   0.06402353727896504   -0.7011012438515358   0.7040184425538025   0.8545454545454545   0.7894736842105263
195   0.06282656663318864   -0.6952339431015133   0.6980669116319672   0.8440366972477065   0.7894736842105263
196   0.06413877783948418   -0.6906554659748814   0.6936272453585739   0.8518518518518519   0.7894736842105263
197   0.06728089928622882   -0.6805776875644298   0.6838952465248682   0.8518518518518519   0.7894736842105263
198   0.06924279278618606   -0.6762183948928815   0.6797542805634517   0.8518518518518519   0.7894736842105263
199   0.07367867969025976   -0.6731067461658107   0.6771271960088628   0.8518518518518519   0.7894736842105263
200   0.07940925920296849   -0.6782216932522154   0.6828546665616824   0.8518518518518519   0.7894736842105263
201   0.08324408774130276   -0.6815816585779366   0.686646295740196   0.8518518518518519   0.7894736842105263
202   0.08580122789408051   -0.6845587696085431   0.6899148931253002   0.8518518518518519   0.7894736842105263
203   0.09162376675905914   -0.6748965844651273   0.6810875966847534   0.8518518518518519   0.7894736842105263
204   0.0949332421308986   -0.674168031607028   0.6808192530344441   0.8518518518518519   0.7894736842105263
205   0.09671050987940522   -0.6746752817430846   0.6815714625160336   0.8518518518518519   0.7894736842105263
206   0.09626081251893748   -0.6718899164093131   0.6787504724118575   0.8518518518518519   0.7894736842105263
207   0.09074588017231733   -0.6750553618588455   0.6811274156445514   0.8518518518518519   0.7567567567567568
208   0.09412431659053677   -0.6731136739682242   0.679662714187439   0.8518518518518519   0.7567567567567568
209   0.09343758378613298   -0.66685040078778   0.6733647147680174   0.8518518518518519   0.7567567567567568
210   0.09548473708950134   -0.6611695204741217   0.6680287941556347   0.8518518518518519   0.7567567567567568
211   0.08833390058933066   -0.6618074194249388   0.6676765222764858   0.8518518518518519   0.7567567567567568
212   0.09106759679701604   -0.6755264918607295   0.6816372557248086   0.8518518518518519   0.7567567567567568
213   0.0888213579259558   -0.6704507698646616   0.676308707940337   0.8623853211009175   0.7567567567567568
214   0.07680927451726038   -0.6666754306080627   0.6710855343607949   0.8518518518518519   0.7894736842105263
215   0.08748871061479946   -0.6572782934476216   0.6630754327544174   0.8518518518518519   0.7894736842105263
216   0.08375971053059494   -0.6452069316829707   0.6506209909001728   0.8518518518518519   0.7894736842105263
217   0.09009033555133872   -0.6501037623385422   0.6563163645426499   0.8518518518518519   0.7894736842105263
218   0.093372453410689   -0.6408986822055702   0.6476646786021049   0.8623853211009175   0.7894736842105263
219   0.09174726001119993   -0.6321788274440117   0.6388017138267932   0.8518518518518519   0.7894736842105263
220   0.09668567979226506   -0.6505898839647877   0.6577349905503038   0.8623853211009175   0.7894736842105263
221   0.09534966651037369   -0.6565739337453529   0.6634612945586853   0.8623853211009175   0.7894736842105263
222   0.10519618767951311   -0.6513211035082982   0.6597616370914352   0.8623853211009175   0.7567567567567568
223   0.11011731055001572   -0.651602288303657   0.6608414062430794   0.8623853211009175   0.7567567567567568
224   0.10496412909398511   -0.6600371426152343   0.668331129028225   0.8623853211009175   0.7567567567567568
225   0.0991070113096848   -0.6647825895438082   0.6721295195505919   0.8623853211009175   0.7567567567567568
226   0.10287093308743067   -0.6505260568506515   0.6586095804920663   0.8623853211009175   0.7567567567567568
227   0.1021095424171472   -0.6455652454946907   0.6535907319135267   0.8623853211009175   0.7567567567567568
228   0.08533485919285955   -0.6403932207034302   0.6460538021839802   0.8623853211009175   0.7567567567567568
229   0.08615574086670819   -0.6268407849592101   0.6327338945975394   0.8623853211009175   0.7894736842105263
230   0.08505033968219777   -0.6188073605163531   0.6246247751324574   0.8518518518518519   0.7894736842105263
231   0.09245256884917907   -0.640913958766756   0.6475478206502492   0.8623853211009175   0.7894736842105263
232   0.10403261758767268   -0.6092189434543087   0.6180376255421082   0.8623853211009175   0.7894736842105263
233   0.10231469853557318   -0.6049528037139815   0.613543961145273   0.8623853211009175   0.7894736842105263
234   0.10577869372505777   -0.5990554810354993   0.6083227773187957   0.8623853211009175   0.7894736842105263
235   0.1008338723695843   -0.5982313421954473   0.6066697689864   0.8623853211009175   0.7894736842105263
236   0.1016505763406359   -0.5582316070511837   0.5674111091451511   0.8623853211009175   0.7894736842105263
237   0.10669968244375294   -0.5376683429994031   0.5481533264491985   0.8623853211009175   0.7777777777777778
238   0.11222967152194752   -0.5357902351263206   0.5474181904418616   0.8623853211009175   0.7777777777777778
239   0.11994466935965509   -0.5414014186391078   0.5545288268541461   0.8623853211009175   0.7777777777777778
240   0.1299596691056495   -0.52791273267297   0.543673954601738   0.8623853211009175   0.8108108108108109
241   0.13049822555986346   -0.503240004927413   0.5198848809434794   0.8623853211009175   0.8108108108108109
242   0.13911609820129822   -0.477433606717085   0.49728878692530104   0.8623853211009175   0.8108108108108109
243   0.12775469722508692   -0.4546441019921268   0.4722526041635991   0.8623853211009175   0.8108108108108109
244   0.11858562598029732   -0.4331564192773385   0.44909579629551694   0.8623853211009175   0.8108108108108109
245   0.11370985293327074   -0.4085844847922431   0.42411226328302365   0.8623853211009175   0.8421052631578947
246   0.12535012635220966   -0.36719840073817167   0.38800427791608927   0.8623853211009175   0.8421052631578947
247   0.13089468842640617   -0.3519433539667993   0.37549639660008155   0.8623853211009175   0.8421052631578947
248   0.1362150021669235   -0.34044565125019943   0.36668483507026495   0.8623853211009175   0.8421052631578947
249   0.13727376798972646   -0.34916265947842007   0.37517815788254566   0.8623853211009175   0.8421052631578947
250   0.1344162715120083   -0.3337811233355339   0.35982992141054754   0.8623853211009175   0.8421052631578947
251   0.1361228250937474   -0.34274517576138663   0.3687867663287374   0.8623853211009175   0.8421052631578947
252   0.13153189802242782   -0.33722534620808986   0.36196902398209213   0.8623853211009175   0.8421052631578947
253   0.11758446820648327   -0.35114822509864396   0.3703122778862853   0.8623853211009175   0.8421052631578947
254   0.1228828761324392   -0.3533952633140771   0.37415025508397864   0.8623853211009175   0.8421052631578947
255   0.11586835857303157   -0.38969226175528604   0.4065532380763422   0.8623853211009175   0.8421052631578947
256   0.11293392235605726   -0.3986710512354463   0.41435815173820323   0.8623853211009175   0.8421052631578947
257   0.12274455060673706   -0.40728468064805057   0.42537869692103103   0.8623853211009175   0.8421052631578947
258   0.12894789445216226   -0.4497656534165628   0.46788535185114916   0.8623853211009175   0.8421052631578947
259   0.12758278491507102   -0.47772573904133253   0.4944686529490748   0.8623853211009175   0.8108108108108109
260   0.1320955944108242   -0.4784549618666034   0.4963551113845025   0.8623853211009175   0.8108108108108109
261   0.13757525061333808   -0.467358213117663   0.4871864621988769   0.8623853211009175   0.8421052631578947
262   0.13642301411143976   -0.4947867151262173   0.5132495808518918   0.8623853211009175   0.8421052631578947
263   0.13435614648182792   -0.4982037018165002   0.516002424995378   0.8623853211009175   0.8421052631578947
264   0.1455694581563174   -0.5003719449360915   0.5211166380255488   0.8623853211009175   0.8421052631578947
265   0.1383756566213732   -0.4938299213286008   0.512850673729506   0.8623853211009175   0.8421052631578947
266   0.13253135270561955   -0.5171502635549956   0.5338622992354701   0.8623853211009175   0.8421052631578947
267   0.13438518788893816   -0.533710193254251   0.5503689209134497   0.8623853211009175   0.8421052631578947
268   0.12356409711678129   -0.5360679676593065   0.5501244877722357   0.8623853211009175   0.8421052631578947
269   0.13360819128828005   -0.531953421147751   0.5484756977753182   0.8623853211009175   0.8421052631578947
270   0.11549922551178415   -0.5615418391410714   0.5732968761468693   0.8623853211009175   0.8421052631578947
271   0.108105368864714   -0.5803366294370775   0.5903197220521805   0.8623853211009175   0.8108108108108109
272   0.11538376090267644   -0.560088129845095   0.571849740293219   0.8623853211009175   0.8108108108108109
273   0.1172984246799782   -0.5720417492298182   0.5839440754852426   0.8623853211009175   0.8108108108108109
274   0.09982046524876687   -0.5896343429233895   0.5980240661020069   0.8623853211009175   0.8108108108108109
275   0.09674742646768664   -0.6015422276693627   0.6092726123809766   0.8623853211009175   0.7777777777777778
276   0.09817808566632369   -0.6316783081089277   0.6392624042132161   0.8623853211009175   0.7428571428571429
277   0.09606227206097717   -0.6312318179178789   0.6384994659867989   0.8623853211009175   0.7428571428571429
278   0.11076589767311962   -0.6420292210343845   0.6515140863782998   0.8623853211009175   0.7428571428571429
279   0.11230222582091987   -0.6548953167422127   0.6644544121421845   0.8623853211009175   0.7428571428571429
280   0.10343000072813613   -0.6276659620765592   0.6361307452089664   0.8623853211009175   0.7428571428571429
281   0.10082558936946207   -0.6161376964624985   0.6243328122674743   0.8623853211009175   0.8421052631578947
282   0.09891851960666287   -0.5828586860794864   0.5911929646566162   0.8623853211009175   0.8421052631578947
283   0.1089508826740655   -0.5354001702433493   0.5463731665556658   0.8623853211009175   0.8421052631578947
284   0.11055621667806204   -0.4986026859382342   0.5107125566020362   0.8623853211009175   0.8421052631578947
285   0.0967139834732853   -0.48779345022800413   0.4972886935016834   0.8623853211009175   0.8421052631578947
286   0.09153206860204754   -0.4763964369392255   0.4851099717702774   0.8623853211009175   0.8421052631578947
287   0.09771013006718565   -0.4823576946604824   0.4921546658479644   0.8623853211009175   0.8421052631578947
288   0.10354904069059323   -0.5067491615247057   0.5172205685526576   0.8623853211009175   0.8421052631578947
289   0.0983117284778734   -0.5243758634505227   0.5335121761738791   0.8623853211009175   0.8421052631578947
290   0.09711587940517585   -0.5226849320728881   0.5316305411173067   0.8623853211009175   0.8421052631578947
291   0.08435025677348928   -0.544710636255715   0.5512029055328531   0.8623853211009175   0.8421052631578947
292   0.08917415632540582   -0.5665774254468126   0.573552098054123   0.8623853211009175   0.8421052631578947
293   0.09737429823789157   -0.5868209696020834   0.5948450254663404   0.8623853211009175   0.8421052631578947
294   0.08062833256161195   -0.6181530387804344   0.6233892101770379   0.8623853211009175   0.8421052631578947
295   0.08590831255638953   -0.6361922174977224   0.6419663353875774   0.8623853211009175   0.7428571428571429
296   0.08821578186665668   -0.6196996949196674   0.6259470712878801   0.8623853211009175   0.7428571428571429
297   0.0937954647732413   -0.6347920090974064   0.6416840998699828   0.8623853211009175   0.7428571428571429
298   0.09282078429036478   -0.6775108255164746   0.6838396132780649   0.8623853211009175   0.7428571428571429
299   0.11277696265131976   -0.706965474771323   0.7159042015685474   0.8623853211009175   0.625
300   0.1597252291681821   -0.7475528862704124   0.7644262335922626   0.8623853211009175   0.625
301   0.20930828237489507   -0.9203132188735488   0.9438148006384098   0.8623853211009175   0.6451612903225806
302   0.3196063715612327   -1.1111422338072714   1.1561943160614263   0.8623853211009175   0.5
303   0.33271194778680613   -1.2894643743746563   1.3316965168466552   0.8623853211009175   0.4444444444444444
304   0.38435868356846203   -1.7620789276211646   1.8035115039281104   0.8623853211009175   0.32
305   0.5171840121591957   -2.1407154850503396   2.2023038142743596   0.8623853211009175   0.17391304347826086
306   0.6040210350037487   -2.1376614088475243   2.22135942827877   0.8623853211009175   0.17391304347826086
307   0.38617904923690993   -2.1218990318458424   2.1567544504226364   0.8623853211009175   0.17391304347826086
308   0.3484053796099724   -2.127711454404018   2.1560478523778714   0.8623853211009175   0.25
309   0.3395011921636808   -1.9778361531220838   2.0067627931764442   0.8623853211009175   0.32
310   0.28993368778797635   -1.9037342808033237   1.9256857882894822   0.8623853211009175   0.38461538461538464
311   0.2135617316233711   -1.8685108608981587   1.880675796225482   0.8623853211009175   0.38461538461538464
312   0.17433378110298303   -1.8442706643337736   1.8524919839383385   0.8623853211009175   0.38461538461538464
313   0.15884330928502255   -1.6992020024102814   1.7066102782708557   0.8623853211009175   0.5517241379310345
314   0.1345048548492489   -1.4437465137889482   1.4499984662253127   0.8623853211009175   0.5517241379310345
315   0.09530870409042791   -1.2254252291092271   1.2291260070524903   0.8623853211009175   0.6875
316   0.07171772061783077   -0.994612429453035   0.9971947233479957   0.8623853211009175   0.625
317   0.0660498442661348   -0.8397954819984719   0.8423888849650298   0.8623853211009175   0.7428571428571429
318   0.06265073683300049   -0.7309700300306687   0.7336499844126998   0.8623853211009175   0.7428571428571429
319   0.07547673522876597   -0.6054695586727092   0.6101558194757455   0.8623853211009175   0.8108108108108109
320   0.0910285940057145   -0.5469633689120315   0.5544863676036195   0.8623853211009175   0.8108108108108109
321   0.09398817119260272   -0.5218916348204274   0.5302873323205717   0.8623853211009175   0.8421052631578947
322   0.08309677116426695   -0.46731669794066377   0.4746472053558223   0.8727272727272727   0.8421052631578947
323   0.0812417763397777   -0.4498413766954741   0.4571186830683273   0.8623853211009175   0.8421052631578947
324   0.08499582534619599   -0.3886129135853764   0.3977993048405141   0.8623853211009175   0.8421052631578947
325   0.10471635127524159   -0.36203028824738936   0.37687059295318814   0.8623853211009175   0.8421052631578947
326   0.09838150428922088   -0.3615759759615713   0.37472137219375784   0.8623853211009175   0.8421052631578947
327   0.09672231598495706   -0.36639906689693547   0.3789505015598197   0.8623853211009175   0.8421052631578947
328   0.0979390725214957   -0.3623171498254898   0.3753209013418214   0.8623853211009175   0.8205128205128205
329   0.09435308463114023   -0.3388522199346333   0.351743275037406   0.8623853211009175   0.8205128205128205
330   0.08846564259039447   -0.3339935768925386   0.3455110408140433   0.8623853211009175   0.8205128205128205
331   0.0893029757674908   -0.3291567964338036   0.34105603369460197   0.8623853211009175   0.8205128205128205
332   0.08434069214147843   -0.32456158739231   0.3353409852098603   0.8623853211009175   0.8205128205128205
333   0.1129232975322525   -0.30382182998465623   0.32412864035870537   0.8623853211009175   0.8205128205128205
334   0.10462094323763615   -0.3054348724595215   0.32285600982217577   0.8623853211009175   0.8205128205128205
335   0.09981201297504949   -0.3159024647189206   0.3312956461374346   0.8727272727272727   0.8205128205128205
336   0.10857512998984031   -0.34250722987322035   0.35930455238938697   0.8623853211009175   0.8205128205128205
337   0.1122538625664804   -0.3272443306395729   0.3459621100595214   0.8623853211009175   0.8421052631578947
338   0.1126653024233315   -0.31761110123837   0.33700190207177   0.8623853211009175   0.8421052631578947
339   0.10942669116574155   -0.32645244089357206   0.3443042214450089   0.8623853211009175   0.8421052631578947
340   0.10920206739393645   -0.3219571866991622   0.33997282478214197   0.8623853211009175   0.8421052631578947
341   0.10167755384626975   -0.3059430759771402   0.32239648058642834   0.8623853211009175   0.8205128205128205
342   0.116116719964376   -0.28004274101949633   0.30316172161570465   0.8727272727272727   0.8205128205128205
343   0.11290919183229775   -0.2682556990424594   0.29104914648385616   0.8623853211009175   0.8205128205128205
344   0.10314473680282799   -0.25324766165867274   0.2734469141638103   0.8727272727272727   0.8205128205128205
345   0.10464560993827998   -0.2499203645401451   0.27094444502745146   0.8623853211009175   0.8205128205128205
346   0.10787508504004517   -0.24965700381268263   0.27196627277131774   0.8623853211009175   0.8205128205128205
347   0.10666806745008639   -0.26282783518203345   0.28364863398227447   0.8727272727272727   0.8205128205128205
348   0.08615220955884961   -0.26764090603369084   0.28116517884405046   0.8727272727272727   0.8205128205128205
349   0.08502463293285611   -0.2416555575256787   0.25617688554671264   0.8727272727272727   0.8205128205128205
350   0.0924586581020046   -0.24536163534161304   0.2622039960708724   0.8727272727272727   0.8205128205128205
351   0.09484339953647325   -0.2636299737321117   0.28017143588458304   0.8623853211009175   0.8205128205128205
352   0.08528736773738999   -0.26060749620256374   0.27420831893387565   0.8623853211009175   0.8205128205128205
353   0.10404095350400056   -0.2524529327641183   0.2730512832184204   0.8623853211009175   0.8205128205128205
354   0.10536830047609769   -0.26656026668592503   0.2866301702907296   0.8727272727272727   0.8205128205128205
355   0.09655358106616863   -0.2714458401289974   0.28810664369298816   0.8727272727272727   0.8205128205128205
356   0.11556586480413866   -0.24780090664756926   0.2734241365411726   0.8727272727272727   0.8205128205128205
357   0.11822940874947907   -0.2228071702826675   0.25223248843600815   0.8727272727272727   0.8205128205128205
358   0.10887633403789998   -0.23454853397202413   0.25858667966845883   0.8727272727272727   0.8205128205128205
359   0.10043601971374727   -0.2445233532454445   0.2643464853905507   0.8727272727272727   0.8205128205128205
360   0.09730009272801876   -0.23489175660924033   0.25424681977923663   0.8727272727272727   0.8205128205128205
361   0.09109092866757607   -0.2345799099627186   0.25164516972045897   0.8727272727272727   0.8205128205128205
362   0.10293868025889807   -0.21329586581360616   0.23683643779329974   0.8727272727272727   0.717948717948718
363   0.10692772890338897   -0.21647385217065818   0.2414424732354285   0.8727272727272727   0.717948717948718
364   0.10940774083532023   -0.2101395828013537   0.23691495945721872   0.8623853211009175   0.717948717948718
365   0.10572407683935658   -0.22069335292420433   0.244710311283488   0.8623853211009175   0.717948717948718
366   0.10414335604387759   -0.2339358052395326   0.25606991151080283   0.8727272727272727   0.717948717948718
367   0.10016322189427207   -0.25034548310901883   0.26963963346164305   0.8727272727272727   0.717948717948718
368   0.08850368381951945   -0.23870537511795575   0.2545842849820653   0.8727272727272727   0.8421052631578947
369   0.07967320713985782   -0.22786574106113378   0.24139307339957036   0.8727272727272727   0.8421052631578947
370   0.09343147435958254   -0.24359367014267264   0.26089713784283364   0.8623853211009175   0.8421052631578947
371   0.09797938328421196   -0.24326460691185048   0.26225489227988036   0.8727272727272727   0.8421052631578947
372   0.10292659139390015   -0.2555111459729851   0.2754629356780962   0.8727272727272727   0.8421052631578947
373   0.09729981158271528   -0.24846323900846912   0.26683559446335403   0.8727272727272727   0.8421052631578947
374   0.09840412001139853   -0.25224035926190425   0.2707555533609463   0.8727272727272727   0.6842105263157895
375   0.11099902304229747   -0.24550375596506768   0.2694306539896676   0.8727272727272727   0.6842105263157895
376   0.101094103730337   -0.22120854763482356   0.2432143896971315   0.8727272727272727   0.6842105263157895
377   0.09124929971400686   -0.22901042206567013   0.24652019818463763   0.8727272727272727   0.6842105263157895
378   0.09492745094028443   -0.19859955487636327   0.2201204309897419   0.8727272727272727   0.6842105263157895
379   0.10414575094291578   -0.18866199314095766   0.2154986893124471   0.8727272727272727   0.7027027027027027
380   0.09217026804108919   -0.20312405649360343   0.2230577069665669   0.8807339449541285   0.7027027027027027
381   0.0966546829788868   -0.21360868570137015   0.23445852159564565   0.8807339449541285   0.7027027027027027
382   0.10678465452828068   -0.1991699031638845   0.2259902935283624   0.8727272727272727   0.7027027027027027
383   0.0947606776312071   -0.21921324807700415   0.23881799378940383   0.8727272727272727   0.7027027027027027
384   0.09745551376004791   -0.2353868080974344   0.2547636681093544   0.8727272727272727   0.7027027027027027
385   0.09528101124499333   -0.2633329986788233   0.2800406029436619   0.8727272727272727   0.7027027027027027
386   0.09589413089876775   -0.2452130139621609   0.2632966132657937   0.8828828828828829   0.7027027027027027
387   0.08524615924070389   -0.2672060225740367   0.28047453746307893   0.8727272727272727   0.7027027027027027
388   0.10089828355687835   -0.2370314121310173   0.25761279852047025   0.8727272727272727   0.7027027027027027
389   0.10865084778367695   -0.2657023796335203   0.28705881151260115   0.8727272727272727   0.7027027027027027
390   0.09010243169218057   -0.2559794955257537   0.2713741887624235   0.8828828828828829   0.7027027027027027
391   0.1059316039398448   -0.250458353428872   0.27193913200488434   0.8727272727272727   0.7027027027027027
392   0.10033248403665773   -0.25465729899127254   0.27370960392813504   0.8828828828828829   0.7027027027027027
393   0.09681717214121566   -0.24645434060223081   0.26478917429362964   0.8828828828828829   0.7027027027027027
394   0.1061858791766479   -0.2560701612472691   0.2772135790644464   0.8828828828828829   0.7027027027027027
395   0.11349737279007055   -0.2396330887547684   0.2651521654755981   0.8727272727272727   0.7027027027027027
